10000 3333
5285 2764 9761.4881400126
7352 2764 6.99543864594563
4787 7352 9.0464222025761
571 4787 6.96927877367134
8910 571 1.91681287034765
2684 8910 7.57540127758137
6933 2684 5.31434494842411
6308 6933 6.14604501723822
9218 6308 2.70726068940757
1683 9218 8.27806012539344
944 1683 8.47428094166073
9639 944 3.61948685880837
3697 9639 5.99271133636744
8821 3697 0.496762864420823
5904 8821 0.688775372071255
7172 5904 7.06411222465821
3661 7172 4.38988892382223
480 3661 9.31433108368498
6243 480 9.98632294283166
7632 6243 5.79660097717383
4626 7632 0.00919604661628881
1845 4626 6.54096031680286
3093 1845 0.639949454008466
4560 3093 9.07072494210698
2763 4560 4.79158641911521
7992 2763 7.85479837154998
6040 7992 7.18346008832921
8825 6040 8.75402948673443
4593 8825 8.23997066982638
8570 4593 6.37338799353007
2622 8570 6.68113809062955
1433 2622 7.44981424657684
6932 1433 6.87285304727435
2683 6932 5.97048802410729
5464 2683 2.43113065738353
5598 5464 7.39552872333352
4268 5598 2.82359991603737
2931 4268 7.70161533775752
7249 2931 2.40971197772293
5927 7249 3.79877660168919
3740 5927 8.66694404685131
5370 3740 1.81297796899475
1840 5370 7.45306649235228
1675 1840 8.66470075764912
3679 1675 1.77503182968717
5178 3679 5.98229796402894
5854 5178 7.42518856176556
525 5854 7.6235990560588
254 525 4.28852366370858
6192 254 7.67635061731159
8715 6192 8.43494786017086
9112 8715 2.78519915996444
8212 9112 4.13396090301529
6164 8212 4.80887487812527
803 6164 0.542322936529409
6574 803 9.22609869947056
5908 6574 8.42681586207913
8576 5908 4.2438378373733
8696 8576 3.33325850911503
7858 8696 1.35945527275087
1872 7858 3.07034450977863
6156 1872 2.11286432972589
3694 6156 6.24455518500039
4188 3694 8.14108887686874
2 4188 1.39356460593842
869 2 3.40197081127901
4838 869 1.5846534208762
9138 4838 2.83373749106349
3166 9138 0.267385159279847
73 3166 0.811570797882162
441 73 0.823126666609788
86 441 3.88128466015875
428 86 4.29611621068897
8788 428 4.50504727429138
2799 8788 8.91115175794905
6490 2799 8.3373560507491
1457 6490 7.40229107070814
3572 1457 5.03501560930363
9186 3572 7.14717774977824
8378 9186 8.24776007782138
2734 8378 6.40593626515749
4371 2734 1.47272863702899
8500 4371 2.41646750633176
707 8500 3.40382582446669
4130 707 3.04512756779257
6897 4130 5.56490368945664
7007 6897 9.51013948977216
1872 7007 0.963769602339575
1117 1872 9.29287362390436
9572 1117 0.603579490471198
8503 9572 3.66879031353871
7498 8503 3.58179962552047
7445 7498 5.7960717937679
5891 7445 0.618438946475415
3908 5891 2.49773175187268
3909 3908 2.8897463954377
5458 3909 4.7954839698458
5175 5458 1.48736199377556
2848 5175 9.96532902192566
9147 2848 4.44358451950539
6396 9147 6.9813832466529
2106 6396 0.609800787885781
5050 2106 0.32288027985711
3291 5050 3.57728981113329
989 3291 6.39772544718834
8199 989 5.89889764490767
2564 8199 6.47393039732744
3957 2564 8.99905364376512
1466 3957 8.72840263484118
6410 1466 8.02209427014123
4727 6410 5.57286520979286
7318 4727 2.41995465660128
9698 7318 6.08233886467598
3439 9698 2.05630893408358
6586 3439 4.44708555300817
9779 6586 8.02276603466257
2587 9779 5.73989155300449
3008 2587 6.02258638097158
8031 3008 8.81401352914391
501 8031 5.15865471085082
5082 501 1.2312249691497
7320 5082 4.12645338002466
5301 7320 3.20363656892393
404 5301 1.30210696266293
3202 404 1.58802547830856
3298 3202 1.95404095454411
8712 3298 2.99924798118976
8956 8712 9.99949300121447
4336 8956 8.64313128941955
4730 4336 9.360362449025
460 4730 6.07349580629798
6105 460 0.314261275229093
9735 6105 2.84835258694141
1466 9735 4.33496471943716
4192 1466 9.12380491475684
3046 4192 0.101831337650005
4584 3046 5.23896105044923
1982 4584 7.74149785683125
3661 1982 3.00069041750842
2137 3661 5.33983224752976
4361 2137 6.89403089095418
6239 4361 4.50157697942632
1213 6239 2.07443357926248
3301 1213 1.69441160485466
2259 3301 7.52501665785314
1591 2259 1.52963775333507
8159 1591 5.00004455128842
1456 8159 2.5209184409599
1397 1456 1.67065619541443
5715 1397 6.52431542708303
8099 5715 8.11738936507137
7152 8099 9.57734131219187
7232 7152 4.38449025270597
7003 7232 4.58320529007796
1201 7003 8.16281175323891
477 1201 8.87146106947373
186 477 8.27199337587199
4672 186 1.5316905901857
2105 4672 7.97053348916446
6512 2105 4.26775590143055
5781 6512 0.267513836664754
7969 5781 3.84285207056866
6633 7969 7.40657006165375
9127 6633 5.7476743737303
9812 9127 9.63692347613726
6282 9812 5.07430141094336
2834 6282 1.90485162612045
8768 2834 7.54697031229686
9016 8768 8.35008146740346
9700 9016 7.85910898341303
9991 9700 2.66469229865745
9017 9991 3.78637150305142
3508 9017 1.18791912637203
2637 3508 8.66182445803179
5192 2637 5.82070398440973
6190 5192 5.66693230583841
5858 6190 5.73215602436004
1491 5858 9.74691691825644
817 1491 2.71070405665537
5987 817 4.81899840519223
3098 5987 1.7313607814928
1003 3098 9.10578927144218
7864 1003 9.74411932800077
1322 7864 1.97379004560108
2162 1322 5.24527304479601
2961 2162 4.44984986453864
9417 2961 4.31284188009638
5843 9417 8.76918822392415
6335 5843 5.44000627988662
5217 6335 1.80095234014221
5782 5217 2.68844544327916
8380 5782 3.20638643661827
101 8380 0.939954130168523
8586 101 2.69684289306117
7781 8586 6.9141241425481
4560 7781 6.04164870443046
2481 4560 8.23792622243939
4144 2481 6.57808221254971
7567 4144 0.326668551278964
3204 7567 6.2274927222126
4407 3204 6.82324242281492
3676 4407 6.53423752036719
6915 3676 5.53324711908456
6734 6915 8.41019510651424
3980 6734 4.40821767187668
1591 3980 7.2609682398188
1419 1591 4.41971416522673
6795 1419 4.44559383861023
4564 6795 0.916672652949835
7471 4564 3.81595695593393
5281 7471 7.08161875398641
8592 5281 3.91274112561891
4575 8592 1.74380867241705
4627 4575 8.56046545193852
5427 4627 5.4460418933979
9984 5427 5.6850380273676
4565 9984 9.20498825597473
1516 4565 1.53462373217753
5604 1516 7.79184262375363
4332 5604 3.76106032166124
6729 4332 6.0616660897379
9678 6729 6.43838806664395
786 9678 2.37784668728576
9267 786 5.76236320561069
4329 9267 6.5459180601
3976 4329 0.376432217270413
9736 3976 1.95296459543069
7087 9736 1.77313055567684
3688 7087 8.40071927125376
8353 3688 0.574064131139842
8887 8353 6.04917903508291
6346 8887 4.52661259408675
9379 6346 4.1113250442795
3063 9379 5.38258851077121
3844 3063 4.64779468024428
8303 3844 9.33587393427818
4048 8303 0.723812026707087
7388 4048 0.0663637966367858
5763 7388 5.06129660047517
6420 5763 3.6214521030286
7883 6420 5.43003966645767
5228 7883 0.100130222067101
8609 5228 3.68761658255348
1821 8609 1.4061047619251
9177 1821 8.44399542907166
9628 9177 6.0040137256998
9869 9628 5.67055980674805
2754 9869 7.72690197583135
6664 2754 5.60269026212904
6295 6664 4.10493863162873
1699 6295 8.43959744411247
1454 1699 1.55749800100782
6331 1454 0.595473935768318
5475 6331 7.03701013240948
1660 5475 9.60418386620571
7578 1660 3.53849519054169
275 7578 0.75884301321036
6185 275 6.27975573507758
2210 6185 5.74221028364573
3336 2210 6.58139073974244
2839 3336 0.969517330193348
6691 2839 6.58194295533566
5963 6691 6.24915975490236
1846 5963 3.24167511915963
9739 1846 7.32676398722514
417 9739 8.73001867006582
9325 417 5.6039816317357
6848 9325 3.64922916787894
9181 6848 6.03565098355926
6993 9181 2.79404366332347
604 6993 8.15965663268624
8895 604 1.73924494475276
68 8895 3.18611574680073
4021 68 8.72032402596876
9908 4021 1.88087686102303
404 9908 5.5444735602217
1336 404 7.96843693704812
6342 1336 4.93876919409207
7271 6342 1.32821820855607
9551 7271 9.38968133638301
8145 9551 5.27390102947788
6052 8145 8.51433453638965
2259 6052 5.62763571171924
878 2259 1.97177376796251
5235 878 3.60015830427738
8343 5235 2.29573452564569
3095 8343 4.16606555132997
8708 3095 4.51412488184591
5083 8708 0.713965997832808
5359 5083 5.50094065447713
5759 5359 1.31837051243192
7976 5759 7.45122771782608
8671 7976 2.61971949407819
2673 8671 4.22780638049733
3919 2673 1.63781884562692
5934 3919 2.42985977822233
9658 5934 1.0403755599118
771 9658 7.48948951105508
8633 771 8.63173959630242
7329 8633 8.80553541902803
8531 7329 0.83807475358622
6939 8531 2.54817056270486
2730 6939 3.49595059316069
5126 2730 0.268095280242768
1922 5126 1.58497325997825
1365 1922 0.556893755565007
8548 1365 4.99600841245606
8603 8548 7.7478609780454
3688 8603 6.84049753164498
4903 3688 9.81818542771965
9240 4903 8.06028275934633
769 9240 9.33386140646409
8586 769 0.59943823957223
4989 8586 9.32943277982094
3295 4989 6.58931083276482
7412 3295 6.5782151211997
6406 7412 2.84600316252163
461 6406 9.70883398504771
9082 461 5.48784036521905
832 9082 9.26583140325878
4291 832 5.18215176888258
5685 4291 2.0820588245768
1245 5685 7.99042315392253
2328 1245 7.49617072505234
7623 2328 3.09423736993534
9310 7623 8.05858713372334
3606 9310 6.97837402466572
8834 3606 0.75388346661672
5355 8834 3.58018584843148
3202 5355 5.53802046890628
3851 3202 3.17536329483257
771 3851 8.53772385461273
3938 771 5.58014309139804
2712 3938 5.76049053059524
3747 2712 8.86086392696878
129 3747 6.07221422175943
5104 129 5.93672638107147
236 5104 6.75161600239523
4875 236 3.05512768930807
69 4875 1.6441128093587
6688 69 5.45671812286781
264 6688 7.11128759142515
3939 264 3.00631776466272
9940 3939 9.18581646056683
2389 9940 8.05424341429511
5581 2389 1.95688918014657
3612 5581 7.2498783740846
2479 3612 0.870407677069558
5928 2479 0.926176083714658
1088 5928 9.75539112479897
4560 1088 7.51217510670298
3194 4560 9.68813363681651
7384 3194 5.24372095285695
3847 7384 4.76507986059762
1800 3847 0.294892772145339
5462 1800 1.24168289547161
4698 5462 4.93982320199887
5368 4698 4.85651609885043
3877 5368 4.10363071694743
8679 3877 7.32770361923546
1275 8679 5.83025884170819
4911 1275 8.59364202615001
6465 4911 4.97358867135883
992 6465 1.26458532169611
1415 992 8.5269634200618
631 1415 8.62978604079718
2968 631 1.19718931795031
2575 2968 6.38160420236435
8940 2575 6.38535921924369
8759 8940 0.709641686612095
3421 8759 7.97293689842913
194 3421 4.60211030954984
734 194 4.0731443204292
9696 734 8.86712556928945
9607 9696 4.07176430006867
8902 9607 1.6335128752343
6215 8902 3.25621004086155
3894 6215 7.77034716545376
8649 3894 5.55657418815851
2099 8649 8.91939829459805
5743 2099 9.36805637202706
9701 5743 2.58875155957117
9571 9701 6.09263287588131
6902 9571 0.214193347856089
5851 6902 7.46227817283522
9966 5851 5.24382426887389
7287 9966 9.45092874802267
7804 7287 2.40836438706001
6842 7804 5.74339799670991
4130 6842 3.45357544145362
6363 4130 7.43356017992024
7926 6363 6.06222133552198
8774 7926 2.52952455649801
7789 8774 5.59234883768017
2452 7789 5.6396710180584
3832 2452 0.998973472517015
5148 3832 6.12101895610163
2238 5148 0.0613291301015195
2823 2238 0.242404813714607
6832 2823 6.26276210091991
9724 6832 7.33255394274021
2413 9724 2.60144918198154
8622 2413 1.26180212606382
965 8622 1.76497332043287
783 965 1.2916545587488
2805 783 8.77922708963172
587 2805 1.69551833614715
5462 587 1.0222122540603
8910 5462 8.51501169681864
7413 8910 1.73739089869304
6815 7413 7.30869253811104
7364 6815 0.5318982004869
8902 7364 5.24456318758649
1628 8902 7.22597702952431
5904 1628 8.88625119912316
8216 5904 1.53651831001529
3746 8216 9.55854017347871
1050 3746 8.9159165718532
1266 1050 7.31538340437137
7240 1266 4.19515550671949
8805 7240 2.8683796477166
4652 8805 7.04595173384622
2751 4652 1.99287762855189
2274 2751 2.51098450447049
7299 2274 6.07060716238902
7491 7299 2.5650528557539
9860 7491 4.74146310025301
8880 9860 0.756007889490071
3986 8880 5.84349683449869
1178 3986 7.10633452328739
6751 1178 4.67125195064053
7499 6751 8.58938236708926
2529 7499 9.36151890388839
8724 2529 6.3647974408828
3027 8724 4.23683146285125
8316 3027 2.58326339524761
3471 8316 5.04628822195325
4040 3471 0.750050850009423
5851 4040 3.11750886350065
3564 5851 6.45017455268945
3943 3564 2.88093017504547
5357 3943 2.5464984026782
8324 5357 4.48766422271117
7420 8324 0.908486114113636
7304 7420 0.2854836714776
6180 7304 3.23729852530665
6252 6180 7.74612015406714
4340 6252 6.82766543023266
739 4340 8.58416394603079
6941 739 8.13473843309641
453 6941 2.83789013090281
7717 453 2.06253983527777
1513 7717 0.691011060874125
5525 1513 8.00848908007982
4556 5525 3.92862036032962
2081 4556 3.21589092962601
8071 2081 2.79865310680133
5009 8071 9.01453645499164
8907 5009 4.38149328140891
3706 8907 8.46127721020569
438 3706 1.57561623369116
2587 438 2.90141275812221
9609 2587 0.738313878876475
6457 9609 6.51306014633636
5513 6457 3.6608167640976
4463 5513 9.20667911930838
8011 4463 0.720953128825066
1984 8011 9.84818692365966
6734 1984 6.08957376887627
7698 6734 9.95543964221827
26 7698 9.1462760177512
5957 26 7.36436120381715
4331 5957 4.69368360875318
1509 4331 5.23399468508632
6540 1509 6.08713470137243
4942 6540 2.80181137253155
1941 4942 2.48880107074211
7288 1941 4.93556941305474
5859 7288 3.6139604946214
1712 5859 0.460943873747546
7674 1712 1.59557485331685
8765 7674 7.96138178227768
6685 8765 1.01594150922292
347 6685 9.01574735248833
2940 347 0.33668827924469
1134 2940 5.2091422409443
5396 1134 3.52772588026024
6276 5396 7.5528914540843
265 6276 1.81015923998711
744 265 6.7924055573771
4560 744 6.27704364813692
587 4560 5.35904225243005
2166 587 1.45995650057426
4979 2166 7.10802331036167
565 4979 3.42059348734036
2403 565 8.43399440492593
6722 2403 8.94819261885925
5344 6722 3.60527370186407
6989 5344 2.24999359841345
7860 6989 1.22479825676042
1922 7860 3.97885685805857
5443 1922 6.40907347729229
6918 5443 3.42654920454034
9357 6918 1.65613824218955
78 9357 6.63125459648494
9532 78 6.31100486345776
1807 9532 1.44304221915288
4114 1807 1.17479705546973
5643 4114 0.232022863378738
6642 5643 8.06571855939342
6668 6642 3.91270177596365
6798 6668 9.23111818910005
4628 6798 8.82779475474432
9874 4628 4.41660194018443
1386 9874 4.34996743783213
7015 1386 3.38795756203044
1471 7015 1.91628860809754
421 1471 3.8234297589678
5771 421 0.734610025870062
8778 5771 2.07769308549192
9694 8778 6.25180094003053
1080 9694 1.4760427572573
1626 1080 1.34022813519234
5734 1626 6.92043913910513
5982 5734 8.26178527550024
4623 5982 8.85192771874973
8503 4623 0.0600915287196457
2891 8503 5.47169105492348
3403 2891 0.894402122746776
8220 3403 1.81190062676894
1130 8220 5.7777557254391
2843 1130 3.28520283206704
8426 2843 5.56262847274791
6307 8426 1.02692271050376
5537 6307 4.20682522452918
2115 5537 6.25697942960361
8100 2115 3.25871832711595
795 8100 1.39040729019616
7792 795 6.06369593175511
1108 7792 0.358843110333034
8324 1108 8.88350888334326
9316 8324 8.99420345643581
3978 9316 2.43906047954109
9380 3978 6.07511143313108
1468 9380 9.36827013130266
9297 1468 5.23277074371737
2522 9297 6.79841325712541
6476 2522 9.12350261650918
1777 6476 9.26249873990894
8137 1777 7.64888708341676
335 8137 3.16874509220494
7412 335 7.37146212104623
9985 7412 7.1192602378478
7450 9985 6.2455604463425
2341 7450 1.75807065047504
1025 2341 6.25168242334869
4334 1025 2.23038661727838
2436 4334 2.16264271001865
9920 2436 6.50638474447131
8878 9920 1.43566607919528
3805 8878 4.04703961441566
5783 3805 2.85297241085534
7569 5783 3.88109686811926
2196 7569 8.04176029852247
789 2196 5.96685304589908
9204 789 4.19170116636327
8626 9204 8.60694639839831
4382 8626 0.234169379907065
4660 4382 1.07707070485343
4694 4660 5.31378667756844
322 4694 9.95985403052625
7064 322 3.7120294772021
4722 7064 9.91379944554847
1912 4722 6.39846334678328
5586 1912 1.75611813807048
8348 5586 6.2927082959823
902 8348 9.33070021056334
7686 902 3.10582967089051
4071 7686 0.232817874392275
2961 4071 8.56107044245537
3180 2961 7.16614287936221
8611 3180 3.9195196952959
7675 8611 6.64223795683025
5325 7675 7.38652727249534
6269 5325 9.55605394218718
7918 6269 8.26075393870628
6458 7918 5.57258320002941
8229 6458 0.00226821345425066
4312 8229 6.46038912817499
3363 4312 3.91289332388897
9331 3363 5.75920398982188
1761 9331 5.29614865640841
1486 1761 6.2543662416034
3758 1486 2.0319477745689
116 3758 7.46500701406571
9397 116 1.98028764149544
8330 9397 2.0812965851739
7939 8330 6.81731926361966
3682 7939 9.38567869184791
779 3682 0.386506683998427
298 779 1.07205647423665
1475 298 4.7783872227048
8722 1475 8.47480186745795
3564 8722 5.77731921383336
4646 3564 2.50694347086419
3191 4646 5.45637234852553
3446 3191 8.08589946053811
9990 3446 6.26725822609618
4043 9990 2.5288650916799
5764 4043 1.4472429658311
7985 5764 3.39289188881676
7283 7985 7.71690786532563
527 7283 1.11251086834766
2004 527 0.620256232348204
2580 2004 8.17740820483092
4899 2580 1.29208279113815
1357 4899 1.65236176462894
1243 1357 7.53805459578547
3831 1243 3.76084401304436
5738 3831 6.77317729789113
9130 5738 4.75309407891341
8263 9130 4.25806603806951
2163 8263 9.11101235876739
2919 2163 6.15478428603073
2126 2919 5.58913808612953
601 2126 2.93128476696854
2477 601 0.967686905284744
8493 2477 7.59326230778047
7262 8493 8.54585479794121
8721 7262 3.91333714026008
6485 8721 4.20828984059764
5556 6485 9.34000703482699
7266 5556 3.7629973451369
7553 7266 3.46406573259873
9649 7553 5.61443008018639
614 9649 6.94076162065901
5718 614 7.67182661111729
7206 5718 4.5356925802405
7814 7206 8.70195045719978
8786 7814 4.68637855521596
8459 8786 3.65045387038787
5270 8459 2.63595076377971
8648 5270 3.34159571647742
436 8648 4.06802373450237
7552 436 9.51768631096268
3070 7552 6.30140161405496
824 3070 1.52436625381139
4171 824 7.81989159282436
4422 4171 5.74385444458539
3453 4422 8.32748295138021
9507 3453 9.81507566685334
7791 9507 8.02507827030443
2130 7791 1.97780353367403
8293 2130 9.57566189325735
162 8293 9.78958330907343
5753 162 0.715337913330849
2824 5753 9.77243428889562
9699 2824 1.91439389072645
3959 9699 0.0656261631771926
8954 3959 7.41302533059784
5311 8954 6.23688121627691
164 5311 0.649417778509935
7119 164 7.41412747538671
265 7119 6.14360635239283
9456 265 6.7516201177575
3339 9456 9.660244749107
3436 3339 9.87731271699229
7122 3436 0.589695365787044
8620 7122 4.85349937409165
8940 8620 4.38352728599444
3897 8940 1.82191656458084
696 3897 6.26265762338566
8736 696 3.93089276400485
2412 8736 8.77032221609017
9844 2412 9.42021771534737
9705 9844 6.83539204829376
2753 9705 8.46487469851166
2415 2753 2.39309016663572
6437 2415 5.17859147889563
5748 6437 2.10998838295442
2181 5748 2.21052187430086
6922 2181 2.9896018366539
1314 6922 1.82272321193434
6209 1314 1.48653065451501
3271 6209 6.93314847509424
1796 3271 7.90474961813789
9289 1796 9.1005787872751
230 9289 3.2543970543782
3914 230 8.09748517488526
4063 3914 5.12759122712811
7687 4063 1.87868141353842
3025 7687 0.544984454593624
8836 3025 3.2535153219639
5806 8836 0.919780129832937
8503 5806 4.28419724697388
3922 8503 9.36486390874681
4831 3922 4.77088480763381
3561 4831 6.39286567394965
2927 3561 2.58478536180089
3877 2927 2.77095161000123
4837 3877 1.04450524852819
2440 4837 9.81577396034186
1010 2440 9.00012077047617
8952 1010 7.95435790395008
9530 8952 9.32717323643043
3807 9530 4.9201086152296
4218 3807 9.70345231029423
7260 4218 9.76715507893378
7753 7260 8.94073153450602
261 7753 8.01973874804833
1480 261 2.89851033772717
8221 1480 5.05638278147959
2581 8221 5.77550122385173
1937 2581 8.37246950513322
9946 1937 7.04653229690987
4619 9946 7.06218802951955
8123 4619 7.70841692926847
3680 8123 6.88541875438478
122 3680 5.07012735367706
9920 122 8.09207492104296
3263 9920 5.85350037816408
3530 3263 8.00205156107229
1317 3530 7.67515441155833
5582 1317 1.70081726083968
2447 5582 8.40401067149212
9116 2447 8.40765223993106
7411 9116 7.80874095113742
5673 7411 2.68566545299056
363 5673 2.23381277063321
84 363 4.05134189371001
4814 84 8.71102325918198
9025 4814 4.34905713176111
6899 9025 2.39620882912487
1450 6899 3.90657747332558
4221 1450 0.0201417389501657
2349 4221 7.6861191285548
1125 2349 1.19168012314628
4932 1125 4.8783965197784
5239 4932 9.95447811808017
1270 5239 6.42182649758215
8178 1270 6.57169045966423
2699 8178 7.31449987298891
8324 2699 6.72307449546903
84 8324 5.1527624479019
972 84 4.30390506614639
770 972 4.68859275770814
1552 770 9.00462729354697
5182 1552 5.24100115449048
9363 5182 9.54488209074821
7310 9363 4.19823278165996
755 7310 3.58740230735346
1541 755 4.56271354599611
3086 1541 1.24949696687974
4455 3086 7.255761506071
247 4455 8.07687016682134
6483 247 2.73167429183363
1124 6483 7.19206302105857
1000 1124 0.149724373744569
8002 1000 7.95481465367512
9961 8002 2.9979263362765
9455 9961 8.28231482795513
7232 9455 5.51551190483469
3476 7232 0.21311943934986
6051 3476 5.66443745220202
1130 6051 8.33012394153666
2548 1130 4.67778319547666
8501 2548 0.287391935336778
6037 8501 5.5696614121462
7488 6037 9.44601975621605
1071 7488 9.41356087943024
1663 1071 5.08003607236187
9498 1663 7.95149449932442
7019 9498 3.86029137691178
454 7019 9.23371483789186
4420 454 2.48933894980379
6148 4420 2.83819620627416
8796 6148 0.101649501925287
4257 8796 6.89188006763192
2826 4257 7.05058942175722
7824 2826 8.00442109377602
770 7824 5.19713044754194
8885 770 0.503682242613657
2202 8885 2.04719981114803
6998 2202 4.48558690770941
9245 6998 4.83812756826193
1913 9245 5.39547262924959
3331 1913 0.764255068306419
5426 3331 6.66138217649891
4836 5426 0.303138451567229
9815 4836 2.600602140452
7841 9815 3.43386681540434
4195 7841 0.999294636807839
1883 4195 4.336019391131
9616 1883 3.78259243863358
7316 9616 1.86116284316338
4255 7316 3.69161996013506
2885 4255 8.14924176737559
778 2885 4.28839012281447
5378 778 0.721695751239473
4810 5378 7.62448837797141
6832 4810 8.25484808928547
764 6832 7.0212181599921
4496 764 3.08550754869056
5410 4496 3.38502492817188
503 5410 4.92150857638119
143 503 9.87136684592986
9580 143 7.85004015593355
6456 9580 7.34283717019995
4767 6456 3.71428228476088
860 4767 8.55459470552109
8591 860 8.45353487459672
1964 8591 2.23460234190018
3716 1964 7.79438990611521
4329 3716 4.88163786788437
6293 4329 5.49251701667398
7921 6293 2.1356040554554
3063 7921 1.43950849362238
4393 3063 7.71865457634664
1092 4393 0.681415009387045
9295 1092 4.21964675518471
5663 9295 4.59080149362915
3879 5663 0.197259618470191
6429 3879 5.96931641716193
8908 6429 4.28885428483856
6217 8908 4.1411005870243
2450 6217 2.09413158627985
7601 2450 9.5683164471259
1730 7601 1.69743703704714
4300 1730 0.149358969210702
7790 4300 0.724004001846659
2086 7790 0.149867629531251
8899 2086 1.99859028257837
4663 8899 4.19969882258226
1749 4663 7.1761794683842
6455 1749 1.529992489512
6776 6455 2.41126440206163
6466 6776 2.71907886041202
8034 6466 7.27353413201389
5750 8034 2.79117415157994
7702 5750 6.03362586783366
8551 7702 0.225810946057656
8250 8551 8.24430786435546
1890 8250 2.97819294326612
742 1890 5.62260594856273
6161 742 6.20185791639056
8673 6161 2.77080370109889
6076 8673 5.25713018931409
2714 6076 6.71401223430738
5623 2714 4.56504786335483
998 5623 1.81544819671405
6435 998 2.74121351283124
2021 6435 2.87525620466599
7411 2021 6.5630432525624
6476 7411 6.42349248045424
6225 6476 7.06413108480429
433 6225 2.96282818767342
4764 433 6.31910638283056
4374 4764 6.56296192380996
9797 4374 1.22089538838534
844 9797 1.39922918210093
4537 844 3.23040581556807
2466 4537 1.98629045456915
3215 2466 0.198290189354644
2261 3215 7.68914714081578
9345 2261 6.95281152791619
9416 9345 6.08440367764008
3935 9416 6.48138752916648
6774 3935 0.662243437856525
5216 6774 8.80182966855084
6309 5216 8.75284308779317
9282 6309 2.64957468198414
7145 9282 6.25999336688043
6947 7145 8.05753092005215
7371 6947 8.40085178447811
6573 7371 9.96498414211057
7746 6573 5.07660264363924
4151 7746 2.88202959674759
7940 4151 6.40817022387228
8719 7940 0.108172833220657
6088 8719 7.31910001013947
4580 6088 3.34127373193507
1138 4580 9.57061866831697
7859 1138 7.03034985580157
6931 7859 8.36928416314354
7734 6931 8.36860953339208
3371 7734 7.37437111829752
6171 3371 7.26840521420737
6060 6171 7.71028135466796
989 6060 9.41578671107731
2779 989 1.30015363712364
7410 2779 0.00844508973411706
6216 7410 7.62304813713488
2521 6216 1.0077743059308
4066 2521 2.78242810346615
4859 4066 2.68549235112172
3372 4859 5.76323185083314
151 3372 2.45095977367907
7749 151 4.93495055190653
1469 7749 3.9714641188888
7594 1469 7.49637957634523
2906 7594 5.54000720255129
1818 2906 0.702921386655255
5716 1818 3.63049132490683
9027 5716 9.69956439959621
2572 9027 0.266853668812921
9016 2572 6.71327287859544
2386 9016 7.91009833361979
6244 2386 7.63007596218106
5806 6244 4.25602585902293
3530 5806 7.76846748080789
910 3530 9.88871381631551
1105 910 0.416900394626545
3467 1105 1.93366221292091
6734 3467 1.66550862273386
5169 6734 6.5144371948551
1602 5169 8.74829285524388
2752 1602 6.28332896585032
2818 2752 7.82069376813173
7722 2818 7.94693809626661
1709 7722 0.408824022228522
9453 1709 9.44992159462412
1630 9453 6.0419676469839
8321 1630 0.253819384609208
5193 8321 5.46186001166323
2192 5193 8.42364629573904
7852 2192 3.71456169651015
1272 7852 9.51472746151406
8518 1272 3.07851331908072
7825 8518 8.56927924984472
2776 7825 0.651933871443653
8689 2776 3.95094665180832
6539 8689 6.28168050724216
7402 6539 0.861604551373993
7345 7402 0.912851108725938
7051 7345 0.825167615628253
3486 7051 9.2038604877877
5039 3486 8.34613480724055
2899 5039 9.99678485677709
2554 2899 6.54557285342801
910 2554 3.85002536941531
7819 910 3.56492153351024
9104 7819 4.00361820449735
6752 9104 1.66033549529001
3722 6752 9.81189397024426
3500 3722 1.47046560395221
6908 3500 4.57999127015643
7693 6908 7.24308069094345
5217 7693 0.897536217019343
4170 5217 1.69644112937629
8070 4170 9.77343963532679
3364 8070 5.54681204189702
2091 3364 7.2203147788122
8244 2091 9.9621492716626
1784 8244 6.27680873401705
3626 1784 5.74325864209211
832 3626 9.93374840787599
244 832 0.858321621389955
3231 244 2.96925523216192
4012 3231 5.06655141848281
7584 4012 8.50395958530957
7631 7584 3.29509589296901
8514 7631 9.14647455762481
9794 8514 6.74459058794891
4634 9794 7.17894719418755
6655 4634 5.48868981618664
5362 6655 3.38162186586931
1520 5362 8.72841917194815
7973 1520 8.14400306781241
4643 7973 8.52150222806767
9227 4643 0.569721851456002
3878 9227 1.41937063531397
2053 3878 3.74516938574491
4447 2053 6.23107349396019
9971 4447 5.38219094052057
8173 9971 8.34571184060504
9825 8173 9.11771201526907
7886 9825 4.46654051175084
5185 7886 0.094423524389704
4990 5185 1.05495563441277
8415 4990 9.57416302094803
8898 8415 4.59692467811617
2385 8898 3.54822201949094
7647 2385 8.36497050703311
3378 7647 4.18656368992689
3907 3378 4.56379432071639
3814 3907 5.87217866371265
8971 3814 0.556467891908845
7377 8971 8.14011754563897
6372 7377 5.74154622523775
4383 6372 0.506945084370507
3597 4383 1.09140079624861
2346 3597 1.64054094757152
4919 2346 5.40175401118983
5420 4919 1.06865379793664
5509 5420 2.006260579229
7724 5509 2.42497699974738
9565 7724 2.67373423536394
4295 9565 5.63258392668775
5870 4295 4.25621181918583
1170 5870 2.25641661557862
8537 1170 0.551684226858917
2772 8537 5.13049154242839
9313 2772 0.975458336200994
2344 9313 5.17414871174854
9008 2344 7.71944878258051
4970 9008 5.72885317244573
7819 4970 9.87118656149104
4778 7819 6.72783962877819
8627 4778 1.74717597712071
9189 8627 7.29159912785196
68 9189 0.782885570003735
5649 68 8.94042000093382
1171 5649 9.5598254659232
6543 1171 1.3297414394707
707 6543 5.81579621762895
8365 707 5.32503542313126
8876 8365 1.98569578564115
3333 8876 2.20162931142358
8396 3333 2.39669494942998
8236 8396 3.92389538749374
6014 8236 6.66384028059365
3403 6014 4.75139312757324
3653 3403 4.10217097030166
7263 3653 4.04193308721918
3174 7263 7.62244440922711
1335 3174 0.0594661709790856
7549 1335 0.174008594461519
79 7549 4.11576681041343
9352 79 0.435940309487641
7278 9352 8.5279013415219
130 7278 2.2632397151801
9404 130 3.98853177154539
9418 9404 9.02683762701098
9442 9418 6.13452828185377
3061 9442 6.13388446115689
6050 3061 4.75372935318067
7873 6050 3.89895273503594
855 7873 5.36382444682932
4456 855 6.80935123094795
5458 4456 3.28631885564963
5830 5458 1.87192159994776
2839 5830 7.05870177657477
5090 2839 7.95892042185155
35 5090 6.59685497730639
7163 35 4.23258467135764
8849 7163 3.23623875835086
4288 8849 0.198689294658116
4140 4288 3.22455237303476
1405 4140 3.62703530062458
8815 1405 3.77171578736597
664 8815 8.4208085406706
6462 664 5.02773676365766
5596 6462 9.98782631672594
5928 5596 1.77913986169575
7562 5928 5.26679424240168
2767 7562 2.93522019390597
4577 2767 2.3240325133828
4931 4577 3.50277277146535
5582 4931 6.42515204435394
500 5582 4.48971616160325
9427 500 6.2975699263465
3415 9427 8.58300506745071
4893 3415 3.56050347528932
5564 4893 9.34448846572256
6708 5564 7.16737590475258
5357 6708 5.6712462192549
8161 5357 2.37085748839402
755 8161 1.26700574597155
6959 755 3.90375710544827
9184 6959 6.54232949821608
873 9184 6.52162341074526
4799 873 1.65845181156218
9514 4799 3.05841566419996
1049 9514 9.08925824520299
9593 1049 3.01941461848596
708 9593 0.115519981821173
2114 708 0.321366922686757
7648 2114 5.88394830845449
274 7648 0.965645379113731
2247 274 2.14099778629762
8004 2247 3.60416521518641
1918 8004 0.348949561619243
8108 1918 3.56937642729033
7730 8108 2.75222649702389
278 7730 3.95955734385989
9278 278 7.00895753715191
7618 9278 2.80081796557791
1054 7618 7.44159809058605
3057 1054 9.68088649654089
1661 3057 5.77725433522193
6692 1661 7.13135190650828
921 6692 8.71083036266018
1762 921 4.52027248593634
1543 1762 2.78104609329137
1090 1543 5.43288829739137
516 1090 7.23083904267074
235 516 3.12279731414446
8418 235 1.84099242651786
6572 8418 4.29882399426926
1593 6572 1.57160388122723
728 1593 5.49462819139631
5697 728 1.39405137413906
4278 5697 1.80082477642198
8833 4278 9.4015038079954
3913 8833 7.60621326292732
6923 3913 1.38509151199475
1199 6923 8.01010521783123
2674 1199 6.07317438265941
9942 2674 7.07738842288489
6330 9942 3.45155101634294
1710 6330 1.48883375700844
1354 1710 3.59301888663087
8363 1354 1.2994367191784
304 8363 5.5867515891261
7961 304 1.39674353159332
5816 7961 4.11408252816134
4196 5816 0.319844978177848
3089 4196 9.3913032798439
6670 3089 6.85998266912915
4376 6670 7.29707735851438
9856 4376 8.34870540316739
2204 9856 4.0083643641886
7342 2204 8.81369085042106
7509 7342 0.151923621853349
7754 7509 5.84141302545998
6485 7754 5.8873485645994
2261 6485 4.65674208688366
7021 2261 1.30225138650136
6411 7021 8.77051301207938
2379 6411 7.63200002289199
1763 2379 2.74654677828405
7978 1763 9.0078844302295
3677 7978 2.9202549589159
2207 3677 2.36258456011956
9202 2207 2.01375924228667
6229 9202 3.73540647722965
4285 6229 8.82061442326187
1452 4285 2.25827388382147
8828 1452 1.79119003220617
9166 8828 1.58448800942811
5368 9166 7.28324507463338
844 5368 1.24462752781586
6330 844 8.32817548437443
2416 6330 4.45772999979628
2791 2416 6.41002796778434
2964 2791 2.15240543469253
6200 2964 7.40111006152826
577 6200 6.50435904031472
3205 577 8.41558756681916
2445 3205 8.09777221616219
2281 2445 6.93280018362369
5831 2281 4.0731864622467
1575 5831 8.63834727431037
3414 1575 6.32028225141841
7835 3414 9.59775136248336
4273 7835 8.17782217137765
1599 4273 9.71040034432729
7816 1599 0.263862908668564
9337 7816 3.01745358168315
6148 9337 4.30721204587659
6923 6148 1.01467518328217
3424 6923 2.29734129998992
3801 3424 4.33918298808432
2827 3801 4.30714586943598
4331 2827 7.27857716749991
980 4331 5.1448881046672
2899 980 6.74379108641741
336 2899 9.01346089734606
6217 336 0.436492231417667
5713 6217 4.83308012116783
8409 5713 7.7424057533241
6495 8409 8.33524427816005
8529 6495 5.73924060532061
9704 8529 1.76011133291116
2577 9704 2.99892151226341
6346 2577 7.56641567860644
2143 6346 6.49677220652006
8039 2143 9.3540103979878
3881 8039 4.85460963568837
8424 3881 4.84664958440451
127 8424 1.81109831288023
3515 127 1.71055059798551
3371 3515 1.73313176589939
2653 3371 4.89767487463954
741 2653 8.1896572725999
1766 741 2.5878664060777
9281 1766 3.16869387098077
9166 9281 8.42856739235376
6159 9166 9.02501512915517
1118 6159 8.18361895953092
7911 1118 5.32703047722631
6192 7911 4.9337293590094
9903 6192 5.58500516530966
9231 9903 5.23188084678754
6940 9231 3.57836224446057
4293 6940 8.99982760548003
1743 4293 9.37811349509825
1623 1743 4.13073874427983
3245 1623 1.9334230756618
3722 3245 6.69304071722653
7435 3722 8.54212095769082
5566 7435 4.04794056313182
1095 5566 3.96810607729289
1404 1095 9.11554331631383
2104 1404 0.249714692041998
6502 2104 3.25074189090504
8137 6502 6.23923081174663
4177 8137 4.80023382792471
254 4177 7.03298589623341
3141 254 3.26743463854445
5975 3141 3.13338740831139
5309 5975 1.25529020402698
2491 5309 7.39943340041446
1691 2491 9.91186892768088
9371 1691 1.59276622406363
2007 9371 8.6752162018502
8854 2007 0.145295807248083
9303 8854 7.68860737844609
3055 9303 5.22633487109342
2687 3055 5.60261893982815
1331 2687 7.36773807876755
1745 1331 6.64517908295682
8014 1745 9.94167755146915
4090 8014 7.15503657866353
3621 4090 3.33562157355072
553 3621 2.34922867462405
9706 553 7.4222647663478
9994 9706 1.32371310017081
4481 9994 5.09928966311787
468 4481 0.342184028443633
9138 468 8.52687459063699
5220 9138 7.80629528155377
2108 5220 6.00300418145945
8849 2108 6.1573942524247
3976 8849 6.00233982961495
923 3976 6.85300508777377
927 923 5.10937108659999
4916 927 0.789517755311984
957 4916 4.77774849891485
9729 957 2.68591882966522
8869 9729 3.95329683810427
8179 8869 9.36326830075831
2712 8179 8.54767819427959
2195 2712 7.19356256045419
2780 2195 7.01372011943231
2215 2780 7.6734550831036
1872 2215 3.35399804249331
9274 1872 4.80811130833676
1952 9274 3.82456665904908
2084 1952 7.25458098491647
2763 2084 2.44022504989598
8983 2763 8.74005786777307
4917 8983 8.74207802919539
1078 4917 4.68709130145488
6391 1078 1.77937478988721
9337 6391 2.07529499715353
2656 9337 9.04386842622625
5284 2656 4.95869334220192
7488 5284 2.36569949582556
3736 7488 4.63213299549327
2128 3736 3.25576656142271
2455 2128 1.87299544463304
3400 2455 3.61265975072964
9461 3400 7.93085275581124
7655 9461 9.38570291618372
5079 7655 0.734042060371003
3291 5079 2.01392909018718
4721 3291 6.14597251785003
4111 4721 7.08960574050405
6221 4111 9.83414969888475
2773 6221 0.601183959878391
4775 2773 0.491484667792896
5076 4775 8.70247229864457
677 5076 7.6337766388885
3412 677 7.6718845941198
3043 3412 8.13189705763396
1175 3043 1.53848499090127
3322 1175 1.94598744259725
8778 3322 7.76220550683487
8849 8778 4.41699144185808
8662 8849 7.89724510537905
1131 8662 5.92440143299502
8706 1131 3.90472741135763
9458 8706 9.00578975408653
5994 9458 9.80890007867668
5286 5994 3.20234241927199
1276 5286 7.83745551047556
403 1276 2.27529707134469
6587 403 2.70914326938918
5035 6587 1.14223508058689
7625 5035 4.02018222311792
4749 7625 8.30216823860813
9273 4749 5.95576837333379
5518 9273 6.82812154331078
8179 5518 4.06616553909597
8921 8179 4.6605232512832
4050 8921 8.38166373440583
7646 4050 5.17049981190855
140 7646 0.511547318301062
9960 140 7.29671461827852
9662 9960 3.92483492997069
9296 9662 2.29151383861439
5137 9296 2.72188897576708
6708 5137 0.82192805332344
1237 6708 5.78424713469825
3599 1237 0.219853142057396
2827 3599 3.17465511900334
5281 2827 0.706075967189896
796 5281 7.52098189174585
1868 796 0.848548009993699
952 1868 9.35842882900427
7425 952 4.06152135847382
760 7425 6.05740604519621
5877 760 8.09517444630121
4838 5877 5.09409540134211
8872 4838 9.97274782559234
781 8872 4.62275371265644
6587 781 7.25281114739335
9669 6587 5.2101844887488
3644 9669 8.65816954765311
1168 3644 3.35172530192448
4203 1168 9.63141891820801
6990 4203 9.19401371159349
9410 6990 1.14285320685187
2005 9410 1.46341070062913
7473 2005 8.76314106292785
2843 7473 2.69222992766171
8461 2843 7.5760019500547
5633 8461 7.73104689274998
8512 5633 1.68135141058844
8699 8512 0.548797477642573
8649 8699 2.84462961222093
1603 8649 5.29882338092346
3138 1603 5.08210476073021
7940 3138 1.44543584773029
8706 7940 2.71493154932333
7419 8706 2.8101519184413
5670 7419 1.53797265925068
9978 5670 2.1489623157461
2791 9978 2.3754365534214
5450 2791 6.2825201798476
1470 5450 5.35807553961309
1371 1470 8.87194827218703
9790 1371 1.9611024475444
6225 9790 5.19725212404079
112 6225 1.17445038956777
8234 112 4.31755103260766
3946 8234 0.4050960830401
1009 3946 1.86820092878673
7007 1009 0.88372122854242
7110 7007 1.60633608274107
4726 7110 9.79507658704566
2012 4726 5.31160350054915
1547 2012 6.18436780585757
2086 1547 0.47235782276541
5473 2086 7.3033788327368
6910 5473 9.5600286885438
5395 6910 4.62371605492354
4387 5395 6.86772000212212
2368 4387 0.715572230011539
5414 2368 1.64655445692244
5407 5414 6.80510196357506
6933 5407 4.42929016129224
7497 6933 6.59944805926475
9592 7497 6.33101239399291
1867 9592 1.20448864569983
438 1867 5.13819552193691
2398 438 7.23656669590984
6328 2398 3.04834106238172
4200 6328 0.907144524317296
9493 4200 6.94218089180847
1383 9493 3.58107419830365
9874 1383 5.52979281904509
3138 9874 3.49881866126385
6774 3138 8.11286227583818
7113 6774 6.71557585673103
4797 7113 6.08094185903507
432 4797 1.33217739364074
1050 432 1.67436300980707
4464 1050 9.54143242610517
4790 4464 4.59614436192663
4641 4790 4.43809456218094
9952 4641 8.36677235800604
2533 9952 3.77092289004
774 2533 7.0473047448122
4257 774 2.46271574169118
1626 4257 3.29731964129135
8798 1626 4.68129572895098
2561 8798 9.40550515076989
7511 2561 5.18504500872542
331 7511 9.68411008694201
3893 331 7.54580878984033
1877 3893 0.737258426711485
1528 1877 3.40613090664608
9804 1528 2.9117217167251
265 9804 5.17443598042323
1039 265 3.56284796951666
2241 1039 3.29975639322914
4779 2241 9.49491571457539
3031 4779 5.576997135251
738 3031 0.472420944359548
404 738 7.67586568096949
5443 404 8.48616584029539
6775 5443 2.40404552648759
2478 6775 3.46620450413393
8409 2478 7.03178900524268
1811 8409 7.36466558068226
7740 1811 8.5259256169957
6035 7740 6.51841776388334
7184 6035 1.75265448047941
4987 7184 0.508924854487667
6879 4987 4.8779917783887
9986 6879 2.46015540914225
2409 9986 4.37120432950895
142 2409 5.98202121261689
5590 142 2.53005682170457
3831 5590 2.4347219420947
4529 3831 7.4085608962277
1624 4529 5.5480235999735
2580 1624 5.83071731335824
3516 2580 9.89959869445652
7579 3516 7.99131597674933
4121 7579 3.5900598703557
7296 4121 8.43228077402845
8293 7296 1.43242886098744
7735 8293 5.17664512919243
4993 7735 2.91495237081076
2624 4993 2.01959798313542
5726 2624 3.44410893253933
3660 5726 9.7159767472623
2024 3660 9.30629903685368
7135 2024 9.64618173656564
3422 7135 7.31027803254687
7225 3422 8.84907380778277
7683 7225 2.12733056495633
5071 7683 1.72357153029996
590 5071 5.40319978586677
4985 590 0.644214327334574
5696 4985 5.27682735371339
480 5696 2.91498176760118
9870 480 7.03923447387194
7914 9870 3.38648468815638
8254 7914 1.36583303009129
416 8254 2.45184921241762
82 416 6.45280235470675
9322 82 5.56502811846475
2491 9322 2.10985450216636
974 2491 8.72197353665857
3462 974 4.56594215260974
8634 3462 1.12141873734931
2986 8634 9.6206916047586
9076 2986 1.37052293399822
6810 9076 2.54327184520985
1777 6810 2.7951596993994
3026 1777 6.53399252936705
2385 3026 0.61025489786406
4520 2385 7.90536200270264
7249 4520 3.63863209921835
1102 7249 7.72308435481332
9503 1102 3.95488038626613
2928 9503 3.31923505781258
682 2928 3.07264942098175
680 682 2.72658111999927
2687 680 5.16957772112338
9589 2687 4.09290701044778
9656 9589 9.21510044319593
689 9656 5.95672500518528
5738 689 8.87524069474328
8200 5738 2.87159119595326
4864 8200 3.6389916338128
1356 4864 1.25736931319519
401 1356 6.94812348111103
9666 401 9.06638687086922
3317 9666 8.2025281958575
5030 3317 8.44496506695432
5674 5030 9.62412307464465
2547 5674 6.14197849510031
4234 2547 6.14270104872492
4454 4234 2.09286616476671
5732 4454 5.04701810407202
1535 5732 2.04807471440244
8494 1535 1.23517515530143
1591 8494 7.00872115973791
3836 1591 5.89256099408633
948 3836 6.80001917209307
8084 948 9.49710273006804
8544 8084 0.606672854749455
1559 8544 0.655398572436106
1315 1559 6.49720840389147
2848 1315 7.64581298834134
8377 2848 9.69054002939142
4947 8377 0.203374345105978
1030 4947 4.91365519479512
8026 1030 1.32515822180824
7717 8026 8.0411087402592
1784 7717 7.2838437872446
1809 1784 2.20323890189842
7565 1809 3.97262411051106
4893 7565 1.64011376102078
7088 4893 7.80921212249584
6204 7088 5.23288737206013
4978 6204 4.12414030643891
7084 4978 0.365443853660814
7115 7084 7.95398218838958
7772 7115 5.59013820832558
5679 7772 4.93985544888194
7426 5679 8.55655768730767
5730 7426 0.363178110448281
9711 5730 9.40723026401013
2110 9711 4.78296889670435
8399 2110 1.97605034604972
798 8399 6.10208863266568
5682 798 7.80207936834994
5751 5682 1.79503958769278
884 5751 5.38276349214723
2427 884 6.36985207701375
7404 2427 7.95719541262638
8167 7404 8.58502056013595
9297 8167 3.18378537604584
9345 9297 9.45448302963431
7136 9345 2.64080105067034
6565 7136 5.3855957967922
1914 6565 5.44714000959825
4466 1914 3.92451897637134
9646 4466 0.32011539265266
8089 9646 1.32922417640078
2099 8089 2.93391794390001
5800 2099 8.63254323530047
7449 5800 8.92496919606696
1013 7449 3.85762344289351
526 1013 7.74805421814587
4254 526 3.74841865891174
5149 4254 3.79062118281109
326 5149 5.70225522746274
683 326 0.70391217091295
5576 683 4.74514470360194
3584 5576 4.34184823627344
9830 3584 7.35970028364211
9953 9830 2.57628493027678
9743 9953 3.02782858913279
2128 9743 4.67608535733046
2778 2128 0.534641220556189
6391 2778 4.02437952416673
7406 6391 2.72633939571111
7987 7406 0.361594383161439
8342 7987 4.63449814449536
6965 8342 8.17080167736687
9668 6965 3.06479207134746
4609 9668 7.48734359778705
1765 4609 4.0735907439721
6436 1765 0.568512486568657
4443 6436 9.67608644714918
7452 4443 0.28448348823769
1886 7452 8.88102847841498
7374 1886 3.60318128988151
9894 7374 6.24730448320438
4241 9894 0.485007025257964
949 4241 4.90535865565665
806 949 6.25531217220779
3059 806 9.96184709271294
8602 3059 4.99138597245359
8078 8602 2.77033030837192
3950 8078 5.58597467288816
9670 3950 0.346770017020823
476 9670 8.40167785278691
9608 476 6.65995990462239
6126 9608 3.31192238702382
9366 6126 1.33885634921402
4096 9366 3.46780132632727
6587 4096 4.99741305266372
6477 6587 9.40033627688162
9059 6477 0.650541428928229
4453 9059 5.66038085816256
2194 4453 5.13104448517186
7461 2194 4.74038263478857
6009 7461 8.84688395603067
6162 6009 7.67176468037814
9568 6162 3.25226673304446
6171 9568 6.63822876392171
1351 6171 2.93735529583021
4449 1351 5.90952317700935
3575 4449 8.94374602393373
1539 3575 4.13411256839989
4265 1539 5.741297073472
6549 4265 3.81593794587399
8447 6549 0.992752065667055
9198 8447 4.95451536908345
6738 9198 2.80347528017305
3248 6738 6.19469491619082
6879 3248 7.40331649971143
7364 6879 2.28944038648816
8998 7364 3.21623723895474
4521 8998 4.63419802589055
5181 4521 7.90218293483822
6502 5181 7.52425245721977
6047 6502 9.34735590252874
264 6047 6.58762308752539
3363 264 1.65735959614427
2695 3363 4.55748767533517
6488 2695 3.17772408099248
6962 6488 9.70303459668354
8702 6962 6.41441374958578
9689 8702 2.40049477503671
5811 9689 3.72063932199044
3800 5811 8.59259136181475
6203 3800 7.80447518718109
7381 6203 5.38172319610563
7693 7381 0.824498290997475
7232 7693 3.38806995937329
9671 7232 9.18924418303863
5170 9671 4.46792589848112
8477 5170 5.55329762438053
1259 8477 8.1506381431846
2634 1259 3.0821274553664
7011 2634 8.96649811739106
1977 7011 6.29441635289485
1837 1977 2.48601346194175
9229 1837 4.92095379461905
1315 9229 5.18762637544082
4035 1315 2.76073311827108
7685 4035 1.56184546373805
1357 7685 8.76654914293898
2865 1357 7.52187519306627
8831 2865 7.13420953054939
6548 8831 8.13236299154209
9900 6548 2.3627790350476
5827 9900 7.82829206375734
1854 5827 2.74064913881691
5477 1854 5.14603119852136
4600 5477 5.91749443574304
6643 4600 1.0300643854583
7654 6643 5.8504196130048
6048 7654 9.04516603712079
9312 6048 4.95014513416056
3063 9312 8.37921516455108
4024 3063 5.46750385940104
623 4024 1.96215710080235
6790 623 2.60065297995187
946 6790 4.97877743382784
8096 946 9.29932391753542
3715 8096 5.67515282235217
9901 3715 0.905465371539727
3544 9901 4.84034045085902
3978 3544 1.49235961109273
3314 3978 1.40676515766113
4208 3314 3.7205375316039
8984 4208 5.00681386816321
6038 8984 9.17366205051056
653 6038 7.33255400888549
260 653 6.20732022995487
362 260 0.0847091915849418
6701 362 0.355940209917982
3278 6701 0.0117547658934924
2571 3278 7.09665773895143
9494 2571 9.90719096828681
2721 9494 5.34397692607119
5549 2721 6.8609154699045
6300 5549 0.306828931618561
9717 6300 5.98860327076206
9297 9717 7.42270879194255
2702 9297 4.26181322822668
1935 2702 1.91579255762168
5334 1935 6.933130168274
7082 5334 6.3123825426192
9491 7082 9.92822263399955
2883 9491 6.9740258572536
5323 2883 9.02470200212829
3222 5323 9.64377865616743
2077 3222 8.75181206984774
851 2077 8.19317379859047
6740 851 5.85221240618463
3820 6740 3.53657101711921
2307 3820 8.50564689935208
9091 2307 5.15705434797287
8882 9091 0.013564139013873
1951 8882 3.25646961523692
6828 1951 5.50448167524433
4172 6828 8.37539330896835
2721 4172 0.694014919106927
2245 2721 8.88187137721278
9572 2245 0.604226618231785
2808 9572 7.23699038997172
1389 2808 3.22874757954164
388 1389 8.92832235395904
5080 388 2.76867674535804
1435 5080 4.7178462855992
6559 1435 0.636541983513972
3441 6559 6.9591726111452
1844 3441 0.839795151806122
2753 1844 4.56110868203286
2453 2753 2.55087926713966
4793 2453 2.35338329563863
9400 4793 4.11854507505023
5225 9400 8.56952322147141
3901 5225 3.97676210093262
5783 3901 6.60652347550471
256 5783 8.8964684952624
8659 256 2.63740358584375
7401 8659 4.86598778636644
4525 7401 0.8085724762228
7888 4525 1.17391215088031
1445 7888 0.197962984941462
4421 1445 1.63056412892498
1350 4421 8.27222156077429
5059 1350 5.45900497324237
2731 5059 0.87317745912646
4363 2731 3.40341115404865
9382 4363 8.67794692625896
2445 9382 5.76219406919659
5899 2445 0.287179531770114
512 5899 9.10744485738231
8270 512 6.55720411469591
6214 8270 7.68434950558923
8078 6214 4.24050887158007
6077 8078 6.20859230573128
8839 6077 7.45267206066533
4586 8839 9.84215127453961
4095 4586 6.74137474997099
9008 4095 8.40524053013151
6540 9008 9.67455312344729
7635 6540 8.78267494340729
2258 7635 6.75141320363554
3635 2258 7.44607477744037
1955 3635 8.21451357631393
1647 1955 4.00979561835793
3702 1647 2.92724993747175
4394 3702 3.77021481185405
7350 4394 0.0839271506311334
9191 7350 8.77823297543397
6608 9191 9.12550812802312
1905 6608 1.72801108275817
9258 1905 7.1106623574261
8727 9258 7.90676323803648
1557 8727 5.98772841258768
4489 1557 7.76781570031741
8467 4489 3.05873243407692
3061 8467 6.02032710472439
4536 3061 5.53299647415219
8847 4536 4.16349628521086
378 8847 6.82770488878052
4232 378 8.35146575623735
9640 4232 6.35990175730786
2077 9640 6.60941388391901
703 2077 2.44384574045515
3546 703 1.51472019564846
4415 3546 6.79577897530368
3451 4415 1.32403926596876
3737 3451 9.5725516767337
9357 3737 3.51333230055314
6939 9357 2.13001219339379
8462 6939 6.18033504454271
3012 8462 5.36170147770409
1945 3012 0.645789091200406
5264 1945 9.92950939863494
9528 5264 0.82048418685897
7066 9528 9.56813617805299
4377 7066 3.95045484347275
6612 4377 4.35828359129051
7427 6612 2.71449860572769
6254 7427 0.124555565269056
586 6254 9.3597388006209
5872 586 6.40940455799711
5079 5872 9.68669464869063
52 5079 5.57169673656208
7075 52 3.83094936265973
357 7075 2.00641361185024
564 357 4.56097542614994
8168 564 4.11073856215413
2623 8168 4.37918875733157
522 2623 4.04262170956503
9460 522 4.26531304489256
2892 9460 6.42345402759904
1176 2892 8.15834532154309
4415 1176 7.60053948086853
7464 4415 3.9877769384162
4592 7464 0.862710552786474
6692 4592 9.51944364718212
6993 6692 9.8300158302796
3089 6993 6.7909076104635
7061 3089 5.1334965102868
5136 7061 4.3213159702206
4110 5136 7.26248989643285
6737 4110 0.468188233170359
4460 6737 8.16473029069304
8044 4460 2.67676130700988
4997 8044 3.70008927910266
6895 4997 6.36581966623478
7058 6895 9.51468638761614
4128 7058 8.78806196667465
6343 4128 1.24213556908376
6335 6343 9.39495758851248
8632 6335 1.35795109998984
228 8632 0.558930193511848
5711 228 5.49794634108441
1265 5711 4.52402355844551
4448 1265 9.86939857434127
591 4448 2.26566081830054
1959 591 3.58365089478855
4164 1959 2.66765494473017
5081 4164 8.65075603468373
3958 5081 0.728468922429322
5575 3958 0.112065154243233
6686 5575 8.07831179363031
7956 6686 6.73790517268774
1178 7956 9.14469464374729
2392 1178 2.05849926072734
2455 2392 0.0985118243425731
5486 2455 7.68214479578663
2241 5486 3.02876037804491
19 2241 8.12169951925814
839 19 4.44611786881946
5939 839 4.21621795587303
468 5939 9.54946875507101
7509 468 1.99795448389171
1868 7509 3.0820551974568
763 1868 5.09598490624231
3382 763 4.96343289299215
5274 3382 1.8477230919736
9336 5274 7.14928929705163
9993 9336 6.85120135943951
4286 9993 4.81413356020067
4064 4286 0.157970882495881
3817 4064 4.47384779243688
5578 3817 3.38393964366563
5956 5578 8.09930099837754
8951 5956 9.18972845871696
9868 8951 1.68312332819905
1000 9868 0.620768480399967
7987 1000 9.70502228571643
6683 7987 7.2492144802003
1975 6683 1.12364735188518
4376 1975 1.75488523089431
2362 4376 5.06317824421512
2528 2362 0.132193594428323
1953 2528 4.44997786510523
1405 1953 1.00697258419562
7545 1405 7.2095170199405
5775 7545 0.265067843147797
6458 5775 8.00829733393638
3972 6458 0.288629784353169
49 3972 9.20287459017356
1427 49 3.3025282036029
7029 1427 9.95277007503514
3 7029 3.66980661946659
3820 3 4.2117555763404
9312 3820 8.24042104981221
6639 9312 5.40966155886391
241 6639 9.13174652023091
2021 241 1.48269086663571
832 2021 2.46381244404592
6126 832 3.9436751964379
8037 6126 5.72952324063497
2829 8037 8.87549167724483
7861 2829 7.5740612936595
1093 7861 3.0829153009989
8936 1093 6.99333371846937
721 8936 1.6837228060707
7934 721 5.32504053344002
4820 7934 2.723338041022
7880 4820 8.16528783830027
7389 7880 3.05442095787196
4812 7389 5.54747361862145
5632 4812 7.8605053259616
3188 5632 5.69851394456524
1897 3188 3.47928714471845
3728 1897 9.55168173872512
7717 3728 1.28590969114295
8108 7717 2.33797707744746
7986 8108 5.55028529067027
6189 7986 3.17286528738169
2913 6189 3.63709137320537
2723 2913 0.0574850291843987
7550 2723 5.4557822945868
76 7550 3.35937124829076
7183 76 5.50522189250355
1241 7183 6.14493544346747
3199 1241 4.53906792997184
6976 3199 1.00322628247444
9602 6976 5.18078158387308
2322 9602 4.80793530558859
9568 2322 2.64929608576107
149 9568 0.573543426981082
3554 149 6.05741164216649
2945 3554 7.8145022959902
2568 2945 9.98559197695823
3367 2568 4.03723844019556
9549 3367 9.71597437396607
9588 9549 2.88863560487474
8141 9588 5.6682730790261
2960 8141 2.53781995391211
6539 2960 4.27530847187963
3981 6539 7.84812193053003
7215 3981 9.36683466493871
2854 7215 4.35184571732623
3988 2854 2.72311925282562
4530 3988 1.80202050902668
1571 4530 6.97255394880084
5112 1571 1.7539653431017
57 5112 2.62989692671365
8698 57 2.11784914794382
6103 8698 2.52426996494119
6561 6103 2.59529809066908
2194 6561 6.90070908692686
6029 2194 7.32357136177942
6560 6029 6.37909943638544
5447 6560 4.6362223469119
5231 5447 5.03416673901224
6350 5231 1.62706283170142
8273 6350 3.96555201161544
749 8273 1.97348158939679
8608 749 5.73481630898524
2707 8608 6.3158135372959
604 2707 0.36471137352077
763 604 3.26283974230382
8759 763 4.66466319765484
4032 8759 6.94220003296866
3899 4032 3.43585184944896
6902 3899 0.862346960213252
4894 6902 5.62148557237546
8248 4894 2.90474046665626
559 8248 2.23606327626054
3241 559 8.50760499990503
6394 3241 9.49605021263178
2517 6394 7.80332306350292
9536 2517 8.07915999929531
2300 9536 2.6792494653272
7898 2300 2.98729535086292
3709 7898 4.77647692215957
4021 3709 2.73735300915586
2775 4021 9.43419433588947
3758 2775 8.24399857493201
8795 3758 0.921332096361063
5392 8795 2.00986734521489
5509 5392 4.14601231323832
7003 5509 5.35340098364767
1849 7003 8.85199405943812
2586 1849 3.16589001975228
9842 2586 6.33615264666975
9223 9842 1.9117119117433
1591 9223 1.46963577441998
4985 1591 1.61493684162831
3681 4985 5.57652622233594
6831 3681 7.78837166572085
1036 6831 8.09768871738417
8616 1036 5.56592964339938
7097 8616 7.30531582640214
6069 7097 8.63540283696491
8659 6069 6.27809232670959
37 8659 7.40697854078217
1103 37 9.32169761731007
3801 1103 8.69513388353365
8752 3801 3.72963947588918
9595 8752 7.07106697837286
343 9595 0.711487967303874
3668 343 2.02403179703278
7134 3668 9.23703369255836
5950 7134 5.74854044052739
886 5950 5.00455795837514
7486 886 1.37733379597872
7240 7486 9.56935197139561
6694 7240 7.96550283130909
2050 6694 8.47618594278305
9900 2050 5.68862111205728
742 9900 1.9191851535513
5729 742 6.26792765241003
4226 5729 2.67834670330604
275 4226 0.330431060684155
6343 275 7.80880597026115
6630 6343 5.53449423295216
3079 6630 7.52326387338105
9540 3079 9.15645671227335
142 9540 4.92729297330047
2680 142 3.28686239007464
4132 2680 7.54038040228682
1292 4132 3.70283660561991
1056 1292 7.94261669993549
8433 1056 8.2743020242135
782 8433 9.28922997552736
5838 782 2.86549006980319
5205 5838 7.975272545028
4769 5205 2.08029727798003
3063 4769 2.33452042557179
3066 3063 5.87240684601678
3846 3066 3.12512293794956
9210 3846 7.53194801254391
4133 9210 9.676068293107
5023 4133 2.43425282573153
506 5023 9.21068954696157
5952 506 3.28869448042763
6350 5952 6.07505182395915
1925 6350 6.5836068465978
4266 1925 0.710214358717316
5530 4266 6.14509419861815
9070 5530 4.32937781184041
5947 9070 4.90259661249322
7826 5947 6.78638660554245
2368 7826 1.30308315090229
5862 2368 0.224785822077145
5579 5862 5.59065492912222
919 5579 6.23171063814997
9498 919 6.15235657333198
9689 9498 6.62464145647579
9612 9689 2.13857057157352
1950 9612 8.18906796644601
3718 1950 4.9432077017256
785 3718 5.96019844448268
3883 785 4.25196122524195
3285 3883 2.58210481608277
1149 3285 0.144365985111783
3476 1149 8.24443747079403
5786 3476 9.10674906652073
8549 5786 5.33265467341469
2692 8549 1.24907939402174
4962 2692 8.65641777457245
1255 4962 8.0211726746705
3482 1255 8.64748341651424
1257 3482 3.3258885775366
1233 1257 4.72940568042606
6457 1233 7.19332209127142
5442 6457 5.92422275490353
7797 5442 5.70624374799575
2694 7797 8.2248723463066
1711 2694 6.28013696866443
473 1711 4.15643582565796
1141 473 5.85931829727269
4850 1141 0.885781138482749
8333 4850 5.28326087378812
1012 8333 4.1103369185382
7438 1012 4.72507627352439
7413 7438 6.43641316874483
14 7413 8.45909793881727
1770 14 0.000765427806790342
8603 1770 7.55985397232063
8615 8603 3.43230765399728
9125 8615 3.78487117500949
6087 9125 5.91159225338547
5596 6087 8.69441902105944
150 5596 4.86272188339502
4898 150 7.88943489116601
178 4898 5.78581499900967
1566 178 9.51267346057488
2191 1566 0.769343703180034
4833 2191 9.29704678311307
8049 4833 7.45317644003624
1961 8049 6.42987045284354
7207 1961 9.5688175543744
2853 7207 7.33425838561001
5607 2853 8.86821885856083
3538 5607 9.68241736869583
5957 3538 2.25297322348599
7772 5957 0.114535703090404
8490 7772 6.49926496850103
1877 8490 4.33704113443849
8943 1877 1.18947459138315
3439 8943 2.64217496064244
4502 3439 1.6388942783016
7495 4502 2.08529484129439
1853 7495 1.85693379049457
7551 1853 5.2665315416348
8171 7551 0.29906186391802
3931 8171 6.11008774656607
4102 3931 1.52236430549056
9614 4102 3.46953330339428
1918 9614 6.30908464973462
7278 1918 1.59412392042906
5410 7278 3.60517467760207
9737 5410 2.28390258734148
5603 9737 5.25229842007352
5564 5603 1.2858379172614
6581 5564 0.270732597733634
9053 6581 2.51646436499069
3794 9053 8.95726690895064
8113 3794 8.9466189754155
7110 8113 8.6578572985265
9442 7110 1.39037108622031
8019 9442 6.40200244073501
9532 8019 3.47381837433868
4059 9532 8.06842628052824
4917 4059 7.22202792122001
9453 4917 7.09473571936773
365 9453 3.02723770294858
3768 365 6.43361053262499
9538 3768 6.31295521252095
6040 9538 7.26235048879662
6584 6040 1.58249891816961
403 6584 4.42008053189273
7077 403 0.363778078515189
6871 7077 7.50767691228308
3097 6871 9.99290019753698
3065 3097 4.65085343302366
5741 3065 4.40698623487062
5804 5741 2.98941564323716
2201 5804 9.86206471477413
6265 2201 1.6892799824841
7248 6265 8.50706022524772
5753 7248 3.63354268523725
6575 5753 1.31289259225024
6930 6575 5.67099781756003
3292 6930 1.29101337772422
4877 3292 2.40262326389061
7750 4877 5.08402940922377
4779 7750 8.7675059354466
4013 4779 9.7493519283341
5963 4013 4.22954105819091
5290 5963 5.29326776977836
1914 5290 9.02634324253786
2454 1914 7.68690887812706
708 2454 6.86472726402915
8905 708 1.67800155935748
1774 8905 0.556682219072862
6224 1774 4.70496027515477
1329 6224 7.59105208751411
5610 1329 9.15605564380382
7218 5610 2.51547685929456
2549 7218 8.66048573779008
2925 2549 6.52811939075864
6683 2925 8.14591688980993
2424 6683 1.89813217227755
5744 2424 7.17538816078555
1387 5744 8.07778333778803
4668 1387 1.24359551068618
3564 4668 6.74899065358108
6778 3564 7.95794067047748
3276 6778 6.95528401322665
8956 3276 0.574048866352364
8737 8956 7.08075926288348
3014 8737 3.45068202054161
6076 3014 4.20547711141925
9579 6076 5.41830297145918
8538 9579 0.528328567754279
2530 8538 2.63343474470698
9475 2530 1.62121091864297
2773 9475 1.56311009054587
4807 2773 8.56126383872027
1418 4807 1.68707350783389
947 1418 0.0609819360665043
8589 947 2.22818392414023
6599 8589 6.9405760057818
4423 6599 5.66312422176249
1776 4423 8.30557861611258
368 1776 5.39675701470724
9238 368 1.02920851153545
8924 9238 5.30622761733806
2911 8924 4.29850080987993
8269 2911 3.90840812635258
4402 8269 2.55200422105947
9792 4402 6.7409540890193
3530 9792 9.88252064828121
4179 3530 2.76881047718728
6660 4179 9.44974467371811
7984 6660 6.86140975347595
9062 7984 3.47482870455284
3333 9062 2.78925482825979
4599 3333 4.58318208704117
8858 4599 3.95152678858178
9541 8858 2.51578741079332
8751 9541 0.889504557961622
2735 8751 2.21681264783502
7150 2735 1.31588424420951
3636 7150 8.98139182618596
8208 3636 5.1807429758129
3794 8208 3.44846775068124
4300 3794 1.51535864123357
8500 4300 6.7671159795626
9866 8500 7.29107625453405
9596 9866 3.04962796897929
408 9596 0.178856800147251
615 408 9.33090113396421
1933 615 5.3042584843099
2806 1933 0.54269266868932
7461 2806 1.30183646570028
8279 7461 9.625620445855
3744 8279 8.15300847815234
1097 3744 7.76526629993146
2689 1097 0.444273418963199
2034 2689 2.05643261664594
512 2034 6.3414910822679
9897 512 3.65785052659778
910 9897 8.30518689322471
5388 910 7.96601525918422
1686 5388 4.46723887033652
9823 1686 4.56015947913318
2539 9823 4.77778823512832
4533 2539 1.98074682686471
3296 4533 8.17099322560761
153 3296 4.91260354064156
9591 153 2.77877087745448
2372 9591 6.44348407801974
7987 2372 1.86364693971978
245 7987 8.93331520147331
5425 245 1.89721281495448
9178 5425 5.11366017324352
2525 9178 3.86267358215047
6658 2525 8.5774186424506
5276 6658 4.22301589964231
9444 5276 5.3330066283073
1492 9444 2.4161320192017
4958 1492 6.88407283188656
3649 4958 8.59175939695088
2098 3649 9.93528047032161
7605 2098 9.5005375864282
1634 7605 8.67814604655468
1569 1634 4.92229836915865
9141 1569 6.3209560698019
3632 9141 9.24959454341415
3395 3632 2.51720785176463
1363 3395 7.32539057749303
5983 1363 0.322919246293658
8244 5983 4.40398756480487
8217 8244 8.76085270070082
9161 8217 3.22608871931688
5292 9161 6.75677937021337
8297 5292 7.26813314649956
4949 8297 8.68819743817983
5630 4949 5.86958794180415
4973 5630 6.8794933085616
3025 4973 1.31799493091147
6025 3025 8.70072311898316
3580 6025 9.26967169851107
90 3580 5.37257318716431
1398 90 5.82477008020174
903 1398 1.82145967592124
7044 903 7.91085214024914
7975 7044 5.92122806709884
2541 7975 8.64245695139299
6183 2541 5.93784009778535
167 6183 8.32975435666608
5547 167 4.97836775796063
468 5547 1.65301745226923
2092 468 4.5343789023433
5858 2092 6.07824690994104
7965 5858 7.88247511562705
8679 7965 9.27105058196798
3969 8679 1.02265781453543
3480 3969 9.51027422700033
8134 3480 0.140931297174554
7154 8134 2.88059678517111
1708 7154 2.19992968502698
2111 1708 1.33629954165993
7286 2111 9.39545657060538
4161 7286 3.1098958738006
9756 4161 9.85397980927321
881 9756 9.95372020310096
7892 881 0.353907402040115
7956 7892 7.44562439512531
5156 7956 2.0807119322534
724 5156 5.18857029208444
1509 724 5.80274866803226
8933 1509 2.84634145018526
1395 8933 7.49225434903014
2520 1395 7.27327861131155
5791 2520 1.70709796566118
1052 5791 1.73557509143944
1383 1052 6.16720963628996
5047 1383 3.63720324133563
6878 5047 3.36031711805962
2523 6878 5.03818455354359
3715 2523 0.930999675021731
2431 3715 5.40111697843226
5646 2431 2.56270409803196
9578 5646 7.76933669616408
2599 9578 1.35308574948898
4826 2599 4.34377109583348
8883 4826 2.88891671741968
3952 8883 1.09363816273412
3305 3952 0.709171632652392
7992 3305 1.54811799473261
9361 7992 1.24633755487
4195 9361 9.74266788405867
1781 4195 3.08032569319881
7074 1781 0.936726436465811
1999 7074 9.1316677196642
3303 1999 5.21235768067424
9237 3303 3.74728618433284
7454 9237 4.47037617227661
6800 7454 6.26061517426169
320 6800 3.25737184286975
9902 320 1.0870419994875
820 9902 0.910771912069741
3140 820 2.57562146321622
1559 3140 8.85783969227486
2899 1559 2.29010930510999
7775 2899 6.73776969856046
4076 7775 2.02914882112029
7842 4076 3.05449825392184
7283 7842 8.39075258567892
9213 7283 6.06346187822563
3851 9213 2.99512775723432
7803 3851 3.83150529268743
2590 7803 6.33872676110929
7487 2590 6.19991998546279
6532 7487 5.67874333945642
3697 6532 7.57188609302073
5986 3697 7.13994516170136
4948 5986 6.91434798136353
8784 4948 6.47481652528942
5376 8784 8.51878048586354
1063 5376 9.45480627078968
1810 1063 4.34485141350731
5228 1810 2.86761501246108
152 5228 1.1463597516693
2657 152 7.4667402702487
7515 2657 5.0519811881821
503 7515 0.170006206853976
1116 503 4.37748615342695
6658 1116 0.319864549010909
9764 6658 1.74566377143801
8197 9764 3.16744303040114
4136 8197 7.18089097859586
3746 4136 7.97346545975405
3216 3746 9.85408276038012
3150 3216 1.56235141660378
4253 3150 2.23885009385821
1201 4253 4.93235173391344
5475 1201 3.29052989110689
276 5475 8.00706646632737
5477 276 8.09703914159495
7504 5477 8.98595309017583
1452 7504 8.52619667470034
13 1452 1.46854236153221
4078 13 0.491453631991696
331 4078 6.82536569661085
8430 331 8.39133097767412
7798 8430 6.68563925959493
4409 7798 0.392982309680683
9679 4409 2.20637427159648
3246 9679 0.904135988286008
2533 3246 2.55986851587696
7991 2533 9.71842529882519
4419 7991 5.18780873369469
9884 4419 3.86624213512075
6926 9884 8.4630557071964
1175 6926 5.62745165555253
2319 1175 2.89842143563352
472 2319 2.96553564934978
792 472 7.65045905385936
4006 792 0.858194081641948
739 4006 3.27179914255186
5168 739 9.69158058707389
6930 5168 1.23545896290725
3102 6930 0.649881678373667
7610 3102 3.23765203966321
6786 7610 5.49582425315517
8025 6786 4.51201254023605
4351 8025 6.45911474444528
65 4351 1.96915017949454
4098 65 0.318229092944442
2188 4098 9.8036450442439
6983 2188 2.8970887468618
1142 6983 7.95980590385671
3716 1142 6.85392724331049
4182 3716 6.47282837866332
9226 4182 7.09827771870561
3343 9226 5.93972890070251
4241 3343 6.74794705937725
9199 4241 9.24217484723417
7123 9199 9.07679046269248
1532 7123 5.93990868102868
7892 1532 1.28301405837529
6093 7892 0.558952517873799
2353 6093 7.53481606442005
6619 2353 2.17450738597808
4244 6619 7.06488184701382
7410 4244 1.37700666900034
1911 7410 8.05827834421489
5820 1911 3.8349739592984
7906 5820 6.71160172377935
4267 7906 7.43524991566577
2394 4267 9.66802200148447
4872 2394 3.37611884531345
6951 4872 5.61759277256751
5123 6951 4.87946173815462
4246 5123 1.29055633048022
2534 4246 0.423116497563463
1760 2534 8.49032738905404
8871 1760 9.90421626070489
6862 8871 1.87058551137806
7930 6862 1.03973110827059
4558 7930 3.54690030621125
4294 4558 1.98433525300718
3691 4294 6.56825760558245
6866 3691 2.77188909378584
8390 6866 8.00970231037635
9912 8390 9.22034145213846
7603 9912 6.76726750916043
4116 7603 5.61704999617366
503 4116 5.85487296427768
502 503 7.33996542758664
698 502 3.46565224331169
4839 698 7.86865558609055
9238 4839 7.64415977842528
9189 9238 0.977837337022187
9469 9189 2.02932008578113
9809 9469 3.64626507711382
5337 9809 2.71026439727191
6877 5337 6.9980730454731
5751 6877 1.25905817211997
5918 5751 5.84581248667678
8353 5918 5.96770949155083
4023 8353 4.82954220555943
6277 4023 1.25496632070178
5566 6277 4.23075030376669
6295 5566 5.18571317319665
3274 6295 8.05118402144362
8786 3274 2.65796796039961
5940 8786 3.43367174854155
1992 5940 9.68651087425538
5325 1992 4.79481454415296
651 5325 4.50625216483058
1976 651 9.7493320340222
2799 1976 8.12201775618998
4498 2799 1.92544747093027
6737 4498 9.16520392207399
4807 6737 8.77381716501578
1198 4807 1.23367784098772
5037 1198 9.41422854626925
6857 5037 0.572582893769429
913 6857 8.18093693442695
2611 913 5.31479918047548
3839 2611 6.83666178729059
9557 3839 6.38641404250091
5839 9557 1.22574690211298
3339 5839 3.47162750524941
478 3339 3.50888388111517
8229 478 5.53125663137347
351 8229 6.92643226643913
5871 351 4.71886391962496
741 5871 7.41732122689061
7571 741 0.109221224688376
6214 7571 2.29961466369037
1076 6214 5.44728533401379
5641 1076 5.80214222012732
3279 5641 4.67530744362318
3393 3279 0.510471055495891
6738 3393 3.86557945113363
3864 6738 2.0224955020004
5504 3864 6.47233835582295
389 5504 6.3478819894225
9743 389 5.6454592474574
1977 9743 9.1616030212737
7113 1977 7.37897050280889
4703 7113 7.04615464289322
4876 4703 8.18857501630784
3348 4876 0.722354881502021
1049 3348 2.04496169411055
943 1049 2.14869418558738
6602 943 1.68569516400392
3710 6602 2.71913107116806
7231 3710 6.97108182202793
9979 7231 0.845325120478329
1487 9979 7.45308007546523
8562 1487 9.48915329941006
8308 8562 2.13675507592978
3731 8308 9.01379238866514
7977 3731 7.90792649068063
5211 7977 7.62674828499659
5333 5211 0.186725059994153
6648 5333 1.05730014815453
7146 6648 7.98421295844744
118 7146 8.58648197120463
8977 118 8.15873744329775
6782 8977 3.55377426174915
2712 6782 4.79223005878733
481 2712 0.706202264257207
9213 481 3.26743789616
6438 9213 8.71886265419864
1138 6438 0.889532210445303
7454 1138 5.66860601797689
6615 7454 7.35538619164839
4842 6615 5.73351582376961
2949 4842 6.65800100487782
7283 2949 2.75002411231132
1363 7283 4.28029047615109
2999 1363 7.09831791839083
4544 2999 8.97116313313656
5771 4544 6.59769659838705
1847 5771 0.728268837923274
3980 1847 5.35056691152977
5702 3980 6.58785909705383
946 5702 0.731888007748047
3371 946 3.72614842751329
228 3371 2.71643053795703
1791 228 7.52281202113604
8597 1791 9.48677104843487
8862 8597 7.47151550897495
3178 8862 2.56933277455449
1190 3178 0.0215990065714422
5401 1190 5.68408503556103
7728 5401 8.00743294577227
9468 7728 6.92705377632382
7897 9468 6.70698059375834
4800 7897 9.97615352904266
6051 4800 6.73944475028275
2309 6051 8.64385430275139
6423 2309 0.965497024760076
1474 6423 0.499923776137656
1134 1474 2.8256904508056
6247 1134 0.440263794685798
1136 6247 5.70769312209304
1297 1136 8.2512686814508
6133 1297 0.066655154981099
8421 6133 5.46199938688449
5005 8421 7.26228672525391
4981 5005 4.41887015206081
5912 4981 6.07928431352729
9715 5912 5.67081126638545
3350 9715 1.3540487513924
5293 3350 0.809580790425777
3634 5293 0.260895313200358
4742 3634 5.04387791186037
6637 4742 3.86711607153583
9662 6637 3.45223903272316
8631 9662 2.33152115288487
445 8631 4.29470287410556
2635 445 6.40991151877156
2296 2635 2.48449095528063
56 2296 5.08902458172013
9324 56 2.62729288282674
2294 9324 5.57479846979387
2491 2294 8.5072500967539
7538 2491 3.41952420316897
4761 7538 9.89672518987408
5628 4761 5.22505056622119
8733 5628 6.734004768708
9591 8733 6.57637717393509
2725 9591 9.47304018408364
3548 2725 3.14367026709018
1408 3548 5.467260452258
2899 1408 2.27416625163539
6270 2899 8.09172343788152
9119 6270 6.94304304893276
434 9119 4.70198300342563
744 434 9.2398420701333
6665 744 4.022869470807
7031 6665 9.26136719484244
8008 7031 3.98598651486797
6853 8008 9.52137464643965
7735 6853 9.00244764011081
3217 7735 8.96125223893616
776 3217 6.05978780663438
1694 776 3.07497124808702
8051 1694 2.54291869358486
7485 8051 3.29783225761783
216 7485 4.25352764360813
1882 216 4.93512087488408
8983 1882 9.47677864477971
797 8983 5.83819332404996
4790 797 7.13613690228872
9768 4790 9.61742873395604
5296 9768 2.88543475576592
5410 5296 6.29086756723947
2514 5410 3.49200403457136
9493 2514 8.31240721197741
8988 9493 4.92714653759567
453 8988 1.34359940214406
8001 453 4.34297830117973
7862 8001 1.89909297350351
6340 7862 7.50159280362073
7755 6340 0.109542622205332
3723 7755 6.43862137240834
3219 3723 6.84056293930677
2811 3219 3.17495393582323
2683 2811 3.8465001707149
1300 2683 3.40519801883065
3173 1300 1.61912502362423
295 3173 4.3382266493153
2654 295 7.24077153241975
4912 2654 6.57397473962934
2538 4912 8.52716263422234
6548 2538 5.18281666516391
1534 6548 7.73662581177316
5642 1534 7.40197330120484
6079 5642 9.3503150641855
7115 6079 6.75128282669721
1662 7115 0.14437168923731
2453 1662 7.35340428371845
6817 2453 3.76287902933438
5960 6817 0.0574343194485394
6433 5960 6.07444857204396
2846 6433 9.12758385822631
9536 2846 6.10101973018043
2220 9536 6.06881077989431
5488 2220 1.62191638081932
3767 5488 5.19921514206036
863 3767 9.58758294232279
6937 863 4.20590320314222
1433 6937 2.16517453847953
1296 1433 5.77949360511273
1833 1296 7.05300276419376
5480 1833 2.93630168472578
1685 5480 0.144693852802753
5801 1685 8.51157412467959
6219 5801 3.73000277605922
8476 6219 7.02828415666165
1596 8476 0.251998109084433
7829 1596 6.48151541152092
8054 7829 0.795491489180158
6468 8054 6.07718840292581
5280 6468 6.58608531428168
8777 5280 9.45589565479228
4765 8777 7.99125608904159
1324 4765 8.02923776450502
8741 1324 8.02393165905325
9602 8741 5.6498713585049
8111 9602 9.87576160155509
409 8111 9.60131906917969
5825 409 1.30367438910124
241 5825 7.78452946717042
3757 241 3.04256573614122
7957 3757 2.73153944619441
1287 7957 6.13352290222078
2216 1287 7.70996100328635
1682 2216 0.9865627845981
1729 1682 2.4942168109725
6837 1729 3.01640051246405
6970 6837 8.45056256431864
3891 6970 9.20747307966234
2050 3891 7.27428693003066
5412 2050 2.41977244782472
2904 5412 1.17165015183762
2923 2904 5.61069764216864
4620 2923 6.41993810125019
6110 4620 3.42206877284919
4758 6110 7.27154793046342
4495 4758 0.298860770714207
8119 4495 4.07861260966076
7260 8119 1.03156405258087
57 7260 2.57089263927728
299 57 4.44306645273439
2543 299 0.470342243893249
7874 2543 4.00052869924362
8628 7874 1.4009725033549
2452 8628 0.0810976008956388
4482 2452 3.46371328345771
8422 4482 9.14692006807083
2885 8422 3.2854976180781
9371 2885 1.4104902437121
1066 9371 3.99358449200282
272 1066 3.94783449368614
8514 272 3.8652769038811
3961 8514 3.42761792429211
5212 3961 8.59600977671295
9409 5212 6.48339458344221
7493 9409 4.73285485408756
8924 7493 5.60962468612086
968 8924 1.13464529899932
4143 968 0.686699209123809
7936 4143 3.9242394234947
722 7936 6.74424814978533
9242 722 3.6542489466412
8356 9242 5.29491676342129
8180 8356 9.95743053036083
3250 8180 1.98327730954798
1018 3250 3.22070820253362
1579 1018 6.89855537258094
5732 1579 7.51253676945229
4669 5732 4.72859280367526
7289 4669 7.59336057019784
4674 7289 1.05039688163824
5224 4674 2.11584605880635
5965 5224 4.05544053742727
2335 5965 7.62419884121062
5228 2335 0.52253455364049
3357 5228 4.52029406786611
7829 3357 3.03579266261476
9764 7829 8.38988161470883
9888 9764 6.48940754926482
2966 9888 2.86735239964376
3196 2966 4.54535304262986
8755 3196 4.23629760412542
1839 8755 6.66667837823805
2813 1839 2.17043662456835
6428 2813 8.92096745685659
1322 6428 5.15176039131308
365 1322 4.25025263896455
4466 365 6.17751238867445
6503 4466 2.18090192336756
113 6503 3.18373841321193
6000 113 2.87669348776827
2736 6000 6.25065594378786
835 2736 4.42865564381304
225 835 7.97535309121731
9193 225 5.76573640415543
1528 9193 5.54290357236457
8368 1528 5.53167819940864
7852 8368 9.92170613840404
2566 7852 1.7075629435038
2677 2566 4.45780250463944
5445 2677 9.19956375192793
3178 5445 7.93242520476344
6899 3178 6.62194529358512
1379 6899 5.14465405074052
5627 1379 7.18199812860615
4877 5627 6.3356451456092
8743 4877 7.04332657632673
8130 8743 8.6125177954256
5109 8130 2.46493779486126
8808 5109 2.0699703233085
3265 8808 1.07535496121866
3797 3265 7.93862382809696
8671 3797 4.06420284373876
4071 8671 8.98479147749459
9306 4071 3.11034278177257
1329 9306 5.00191810575078
7208 1329 6.29886925598623
5437 7208 0.805658823916993
4950 5437 0.923574971438619
4970 4950 6.19004417151732
6795 4970 2.27254880966409
2372 6795 8.12024116708574
934 2372 7.62934426038665
5364 934 4.60814257644817
977 5364 4.69884814319879
1331 977 7.60172893686576
6148 1331 6.42504369955784
6877 6148 2.46042747720683
2516 6877 7.1780016007845
9853 2516 3.61036718417768
4130 9853 3.05160020339311
1655 4130 7.48057800731889
8169 1655 5.5648756140398
8069 8169 3.3001326959614
2016 8069 9.4629859276446
3481 2016 1.55456014463798
244 3481 2.16424549882543
5682 244 6.40639751455854
3701 5682 2.32449742367631
3312 3701 8.00957292268382
1677 3312 5.14744867112949
219 1677 0.00174927167012839
7087 219 1.64894563566033
7531 7087 6.43539095850858
7124 7531 1.8052214109262
5415 7124 6.68096687204571
1292 5415 8.13185293207479
9440 1292 0.359453394747824
1205 9440 7.03472942791461
6959 1205 1.87247818706016
3400 6959 2.56120648790979
4242 3400 3.61462747851224
6434 4242 7.80450560804336
6501 6434 2.27245454333445
5928 6501 7.05427045898769
7906 5928 5.8186531247765
7591 7906 0.249211444727955
3832 7591 2.7590249165566
5583 3832 5.81341251480378
662 5583 6.02685293692137
6361 662 8.5168417836665
1441 6361 3.56792086565907
1052 1441 2.59485342129377
6621 1052 6.32477028208545
9881 6621 3.52419563516047
5282 9881 2.99719136750884
2597 5282 3.14870148993432
2008 2597 3.8949761439827
9530 2008 5.37213893284655
500 9530 3.45745483726649
9041 500 3.51558683458276
5874 9041 0.92236360084204
1770 5874 5.3303882427458
1141 1770 0.295483744570397
8377 1141 9.25466350246236
8755 8377 6.59482690112529
1121 8755 2.02224755153662
8384 1121 3.49274536070244
6659 8384 6.42970067069935
6754 6659 4.41130023467966
6487 6754 1.72293338795736
2736 6487 2.07685029689134
6108 2736 2.49443722481796
773 6108 1.02670942198106
5931 773 4.53082665624532
1808 5931 9.88268861891004
7446 1808 4.09532716059967
3201 7446 9.94346786912448
1750 3201 6.5791926855179
6763 1750 9.16136144812317
3333 6763 9.24925637571302
7303 3333 4.50172626121773
7240 7303 3.42661412400258
7360 7240 5.458844084141
9499 7360 3.35576454252017
7721 9499 9.82566359183469
8876 7721 1.2975844320216
7619 8876 3.17264480923615
7658 7619 2.06775887846643
4054 7658 2.65068525118441
2823 4054 0.940412852637955
1577 2823 6.24355165967916
9635 1577 9.1716597554591
3316 9635 1.28647202065228
2655 3316 3.52779486386861
1333 2655 2.55088757414928
5243 1333 4.31737121464177
1213 5243 5.36340194636953
5958 1213 9.24610524137147
7651 5958 3.75352245437671
7410 7651 3.69042257797044
6652 7410 6.46494518946728
1088 6652 7.00267398551215
6764 1088 4.55521879817258
6833 6764 6.53308047299756
8662 6833 6.26621007567142
1792 8662 8.02600849171693
5668 1792 6.67171569000278
4961 5668 1.79818371227039
12 4961 8.37889669189455
6590 12 7.04212846801806
2245 6590 3.13828405926206
8545 2245 2.15890659374988
7181 8545 3.74549250248126
1908 7181 2.18088322869772
5809 1908 8.02031424140456
1162 5809 7.09960931365625
2080 1162 7.13062258276299
2759 2080 8.79932411793686
8318 2759 5.07582500208702
7130 8318 2.87738730814763
6937 7130 4.02504519257864
2453 6937 3.00490794237515
6419 2453 6.46761130948097
1065 6419 4.77088446523791
81 1065 3.10786153741734
3318 81 7.81951041648835
9734 3318 9.23407626491002
1956 9734 6.22238827336016
7043 1956 9.30508668983951
3658 7043 8.64593174968928
1354 3658 2.90162072696877
4093 1354 0.231178097981761
8324 4093 6.43780676883242
2321 8324 4.98177962905867
2382 2321 6.3577922892792
8418 2382 0.67055090267754
2471 8418 6.47072559975673
1138 2471 2.17131797661221
3531 1138 5.9032233970412
6980 3531 5.07790185606719
690 6980 4.45198220253989
7237 690 0.394072985009863
3309 7237 9.26171651253316
16 3309 5.9066903910232
7117 16 4.37769858077306
1780 7117 8.05969106061394
4084 1780 2.2516623647191
9917 4084 4.23107540755549
7093 9917 1.41979540936749
8998 7093 3.31174642780194
4493 8998 5.80830544311841
8818 4493 8.45845643577913
4301 8818 0.223191343426699
9610 4301 0.438899273440647
9047 9610 1.09519902109458
6892 9047 0.732110700371287
6469 6892 7.30857979599083
5636 6469 7.65000843542747
3543 5636 9.55452011871916
6547 3543 5.39556915292362
8498 6547 8.00955515730923
9464 8498 8.89050576420555
7977 9464 2.91974294036709
3695 7977 7.14232766359654
1317 3695 4.82793855329763
8579 1317 5.16054241115864
6968 8579 5.45049744719979
996 6968 1.28894268848139
4577 996 4.60873136583619
8823 4577 0.141120422792191
1431 8823 6.94826784969212
9567 1431 4.98651385407694
1339 9567 6.51620286256449
3243 1339 0.842626144606804
4212 3243 0.47291393035966
5029 4212 6.12500902528634
3352 5029 1.43519640883003
672 3352 6.46088506357028
6705 672 3.10382623184228
967 6705 6.18684054834088
6214 967 6.12681685944612
7989 6214 7.6590608430946
3087 7989 1.57585427050055
7865 3087 4.37055448505671
4718 7865 2.23523985291568
2717 4718 4.08942442942401
3758 2717 7.16897506068097
8439 3758 2.93244777983087
55 8439 1.07246185577711
8067 55 0.127222233340483
9786 8067 5.84199735980651
888 9786 7.88338142578279
2175 888 0.000387929728482561
830 2175 7.50957551609286
5737 830 0.274425169448484
49 5737 4.93001082144755
2570 49 5.18473231918623
3645 2570 8.8555462334558
9139 3645 0.216932152536238
2709 9139 7.86410763442714
5026 2709 8.51278508193477
7056 5026 7.88920771682495
996 7056 6.34972675186066
7371 996 5.48060061340603
4484 7371 3.54717611052312
3518 4484 0.595761695254389
3268 3518 0.709415920028
696 3268 3.54441591493721
7027 696 6.53034601706484
5053 7027 6.51144628734283
6055 5053 3.66880349602003
2498 6055 0.328150636404949
7253 2498 3.65951147909758
8604 7253 0.881182716874598
9313 8604 3.44038738851697
8714 9313 7.80706637157063
2795 8714 5.11949076915844
8298 2795 6.51361163112181
1390 8298 9.12314785113939
7064 1390 5.72484273010783
9604 7064 9.69083331573135
1828 9604 8.8213730257139
9391 1828 2.42354725976515
3286 9391 2.43298388753285
5749 3286 1.14327526822283
8921 5749 8.7551869049808
4467 8921 6.355489927078
6733 4467 4.65872435693708
5956 6733 9.07962116362231
3496 5956 6.12349493167596
8445 3496 1.46031861450371
2917 8445 8.17073329892732
3884 2917 2.41272991750325
7515 3884 0.13512644498558
6957 7515 1.38675252669021
7150 6957 2.6888698111804
4235 7150 3.23836148702132
3755 4235 4.91065535073016
8162 3755 0.031999698687919
7788 8162 7.32369476401825
2156 7788 2.50921867856594
6781 2156 5.17881751266469
5516 6781 1.86910481098653
9827 5516 7.33339787340977
3159 9827 6.62059669772137
6251 3159 1.40756139878373
7609 6251 5.57192159256449
9571 7609 9.05025182780573
2775 9571 5.78563116419364
4343 2775 4.21500786153768
8072 4343 8.59792709710735
8932 8072 7.45565841021286
1490 8932 0.908213439359464
9576 1490 5.06379805586629
3759 9576 7.00042326255147
3567 3759 0.0723046819134865
7197 3567 5.55422023909362
2602 7197 3.96301162395599
4 2602 0.415499289109
2465 4 1.59390041923697
4326 2465 3.57678262953076
5612 4326 5.18504040062691
7570 5612 6.90545649593066
7915 7570 5.98742111978904
6097 7915 0.968897628418155
5972 6097 8.85050601825622
7160 5972 6.13922544156242
3798 7160 6.67973401954551
3956 3798 2.59676375971541
6371 3956 9.64251291514369
3779 6371 2.25163321835243
7082 3779 0.879937687216419
6109 7082 0.609800034097567
8353 6109 3.882231376226
5101 8353 9.6472069559643
2053 5101 1.09069888728694
5319 2053 1.52838595301777
3435 5319 2.73100836004584
5079 3435 6.00052769415317
9369 5079 5.42632352814135
4640 9369 3.27793825898571
6182 4640 2.37990699088225
6492 6182 6.75397690996068
2295 6492 8.48225163667617
8605 2295 1.76801827971818
6593 8605 1.74577871994824
3838 6593 4.52504610948512
662 3838 6.19011942580894
6527 662 9.00774183881797
4936 6527 4.41367528456208
1070 4936 5.0092080193831
9010 1070 1.34448464628857
4048 9010 1.20384183063724
783 4048 4.34861071919851
7026 783 8.2006760382588
9139 7026 1.3017645392139
8836 9139 5.80531168198181
9409 8836 4.24538679732603
5076 9409 0.0522067330972575
8867 5076 5.72888883066636
6426 8867 1.0386360483125
2932 6426 1.29339840793659
2521 2932 5.05642829089783
8189 2521 0.218623334863217
2590 8189 0.120193217099747
645 2590 7.60403849567393
9587 645 4.65500596066409
1207 9587 1.09047285723758
9342 1207 5.03749181598781
2806 9342 1.58152531846678
7442 2806 9.86828364590639
7232 7442 7.76052521385136
2717 7232 1.55848254842486
4854 2717 2.11367790157322
9654 4854 9.08686893281345
7263 9654 1.69055130854755
1785 7263 7.958263804415
4463 1785 9.61736869194237
1690 4463 3.57795696424905
2700 1690 5.11612933424797
7 2700 4.8450781190488
2174 7 6.69408554179977
8660 2174 3.93301669473022
1579 8660 8.50551428980278
2047 1579 2.42257457646819
7412 2047 6.43423827536264
2352 7412 0.419791186543144
3888 2352 3.01542712879804
1357 3888 4.54289038192233
5634 1357 8.2545482175912
4805 5634 9.00039173215294
1597 4805 3.08689098172746
6511 1597 5.98518294957049
9086 6511 9.56106218888248
7133 9086 2.63859371306371
901 7133 4.76369501793467
7114 901 0.536821978688273
3158 7114 6.50103559461268
9155 3158 4.44327023028496
3901 9155 7.31801963873234
3355 3901 2.65952911593335
2723 3355 8.60013236343445
7481 2723 5.18122766656081
4432 7481 9.33220981810418
6781 4432 4.79033092632708
7970 6781 0.177092613235281
7138 7970 2.74153546551805
8085 7138 5.51263653239626
3715 8085 5.6572690206082
7256 3715 6.08622204866332
4572 7256 5.24477053788946
9595 4572 7.20103934540386
6894 9595 2.38238931161479
5254 6894 0.558760219126775
7923 5254 2.66442482996855
1725 7923 7.80069634026002
5350 1725 0.599610497350831
8325 5350 5.6973878911732
3811 8325 4.06405271445198
8529 3811 4.14922071453216
7354 8529 2.33264999339358
5409 7354 0.523836914154963
8595 5409 8.85256298882599
2437 8595 6.24673647993287
6326 2437 0.958263662298044
1997 6326 2.38776908308704
6022 1997 0.821388391452906
9024 6022 0.687638833051345
4987 9024 6.22263381265473
6764 4987 0.0157936276034931
2522 6764 3.15109367051424
5483 2522 7.64609788851143
8792 5483 9.98381806545698
5306 8792 1.51269608091877
5989 5306 1.06131136596634
8861 5989 7.32991759096276
5654 8861 5.12074981043416
3093 5654 1.22265440770018
3856 3093 6.32672258966512
7919 3856 9.44431474731115
5356 7919 5.87935910000684
212 5356 6.51642139475779
1500 212 4.49312821381586
8128 1500 8.39663624559446
8663 8128 7.81896095352042
3792 8663 9.29115543345784
2551 3792 1.30148400290455
2750 2551 7.72498565191025
3120 2750 9.47713616941318
78 3120 7.25278494776614
8587 78 9.56410134926688
4214 8587 9.54818350180144
9807 4214 5.88890786797524
7061 9807 6.89649484682757
6842 7061 1.53604339745119
9073 6842 8.71143872750618
2901 9073 6.17609511235461
274 2901 3.50912650598797
1084 274 4.68607446753158
6715 1084 6.74156178747833
1784 6715 3.56530308046647
8946 1784 3.48798590516463
2576 8946 0.695348812527534
6681 2576 7.72750318958455
3685 6681 6.39808738546211
6996 3685 0.80375767847169
5214 6996 8.4983528700862
1984 5214 6.80645422438456
3315 1984 2.96440826741364
3595 3315 2.5309259540067
1320 3595 2.22944329358359
6110 1320 2.06269984990055
4852 6110 1.32056850387077
917 4852 8.02730598770449
2327 917 4.04965117280103
9544 2327 2.3358667942821
734 9544 7.64540701194594
2574 734 2.56499372016474
1662 2574 0.00225097933299168
7600 1662 6.68716306777295
1205 7600 3.14359823958402
4761 1205 8.99824351035942
5481 4761 4.2819208968827
5091 5481 6.08665820038564
8343 5091 0.0224855686727565
3602 8343 0.399487425126317
609 3602 3.60114932160162
4954 609 4.26160664669052
8349 4954 1.64895507765042
6404 8349 2.502912588355
8020 6404 8.69887044262914
7324 8020 2.58526992412524
6327 7324 0.635434136266646
1545 6327 7.26571621877138
4508 1545 4.46013993798875
2760 4508 3.38764617623095
8455 2760 1.30917743015292
1610 8455 7.89036111022721
4812 1610 3.60198994599688
8311 4812 7.13396897722159
7501 8311 9.78658113785887
7035 7501 1.24685743340063
1394 7035 1.42943059734069
7965 1394 1.54379031929235
8951 7965 5.70434410801059
2992 8951 5.79229986281415
9311 2992 0.77689351798103
9631 9311 4.91291584907369
6699 9631 4.55187300924738
558 6699 1.8055921580763
9182 558 6.9242408380369
9268 9182 1.65241354463713
9174 9268 8.50440655059291
4305 9174 6.03849445325306
2113 4305 2.01279136680757
9019 2113 5.37337014945901
9084 9019 6.67391199491735
2354 9084 4.72983163327552
6629 2354 7.28564371908863
314 6629 3.72302280474852
2533 314 2.77488531314649
1683 2533 7.33790430128987
9165 1683 9.33790430293829
4729 9165 9.61734644654623
6164 4729 9.34476445187418
1004 6164 8.31684696585608
6454 1004 3.48625620405006
5167 6454 5.51713065899943
4205 5167 2.86374331203437
5897 4205 5.79588120190135
288 5897 3.35363312688816
7353 288 0.959032800220392
808 7353 3.38635216128896
6026 808 4.11611466433481
2556 6026 0.813590677741907
7029 2556 8.68004734213397
6919 7029 5.62724832778773
2266 6919 1.83773995822957
1190 2266 4.55029539985521
1316 1190 1.36328449072064
5057 1316 5.83623914795655
2358 5057 8.05119049447836
5735 2358 8.6638800957876
3693 5735 9.28490427806135
9859 3693 0.252637265970215
7292 9859 7.60901358482908
4612 7292 4.9872420971629
780 4612 8.95650544259038
7003 780 6.44662650756604
7063 7003 0.240924155206521
4816 7063 4.07918926696187
5701 4816 4.23422153896237
8227 5701 8.43539467585462
3647 8227 9.4227055812264
8803 3647 0.220166644515025
7174 8803 4.30522984393999
5547 7174 0.104367741783769
1111 5547 4.34032727480808
2620 1111 5.16062476835192
5683 2620 7.46433174970829
3506 5683 9.16895802691219
7596 3506 2.32385177579214
3948 7596 3.85841883706309
8088 3948 5.65771646102203
4299 8088 5.67981710114882
1600 4299 9.72140722746911
8662 1600 2.99045599333102
9858 8662 2.39797293759235
6957 9858 4.90466224311437
5466 6957 6.34170423992554
9754 5466 9.63513614128619
9745 9754 5.84386814811889
8434 9745 4.31232343578106
2246 8434 2.31427927011378
3023 2246 3.19595983234468
5162 3023 9.59036282737369
1396 5162 8.33973599504706
8257 1396 6.49984977255155
9821 8257 8.37300487968339
7788 9821 6.02878905274306
777 7788 2.64018205390162
2517 777 2.42886949955771
8279 2517 0.787801486509245
8000 8279 1.01406708163378
8788 8000 1.59116224983737
6006 8788 1.1545754549304
996 6006 9.7284637982786
3607 996 4.01529201614974
5912 3607 8.98285708816591
8245 5912 0.377521129973779
8926 8245 4.40576391402306
3077 8926 4.92797398644537
3695 3077 2.0132155788929
5992 3695 5.73179377577969
8343 5992 1.09716251693801
5925 8343 7.29066866916209
3604 5925 2.98328686980913
9084 3604 3.21881659067042
200 9084 8.60463840939008
3298 200 7.77568808235397
5117 3298 1.41648872345346
1393 5117 1.43283982670891
8916 1393 8.56348736249988
9878 8916 3.51303472330894
5319 9878 1.71808481060427
643 5319 8.44292794418248
715 643 5.31308881545602
4210 715 2.05865524067175
1766 4210 7.94622091795535
9499 1766 0.979453067966567
9987 9499 7.27696708471701
8310 9987 3.63256295727492
140 8310 7.78344829263265
1669 140 2.91880812467451
5826 1669 8.09830186825696
8960 5826 1.62933168508399
8316 8960 2.37774047120812
1075 8316 5.96825616449973
9903 1075 1.13837095501157
2520 9903 5.34291639866321
8856 2520 7.36458806586686
9117 8856 7.92353549665659
1134 9117 5.36923617468052
2249 1134 8.34970945856806
2659 2249 3.08683410538382
4971 2659 2.90504339232609
2217 4971 4.17831174804252
2164 2217 7.05819420107073
7524 2164 8.79649065356634
6463 7524 3.57412423401268
8050 6463 1.15128232293944
4258 8050 6.56051083562485
6717 4258 6.45285555281877
4605 6717 7.48919111521854
6285 4605 8.51116610608546
6571 6285 5.11070271647579
4287 6571 4.62382626548536
3114 4287 8.48211301934139
5827 3114 4.56514662585779
8020 5827 4.30636417982267
5839 8020 1.95238591062779
5384 5839 9.21850283170226
9964 5384 6.24712478622502
2173 9964 9.36486426293836
5737 2173 2.66781471889349
5257 5737 2.95124456360934
6978 5257 1.6427709969695
6220 6978 2.76227374665378
4326 6220 3.70125825313099
4701 4326 0.884801292364266
2602 4701 5.24518529035976
3283 2602 4.9425760876127
1616 3283 4.10786186740868
1018 1616 6.53854844611697
5489 1018 5.61310145942958
5889 5489 7.80669593170327
7132 5889 2.70275900209302
8582 7132 0.0305801874754863
8958 8582 1.08989937801955
5960 8958 0.255332025072583
9138 5960 9.08577903764272
5253 9138 3.29913977477684
9751 5253 4.29051778773772
1986 9751 0.18653446413051
259 1986 6.55981855477481
1600 259 1.93702790492534
7240 1600 0.17468796199541
7170 7240 4.03841935094899
732 7170 2.84039797365924
1859 732 0.535046166704483
4612 1859 5.69873678227442
3323 4612 3.21936704546314
4909 3323 5.90900366979785
9153 4909 6.21373585846879
6907 9153 1.27453588678197
3975 6907 6.58250333088031
1479 3975 7.88039378924427
3917 1479 9.3683755491217
9475 3917 5.56300167664961
6829 9475 9.47821593370346
2911 6829 9.33412411082092
3702 2911 1.56040388628593
4413 3702 5.49087908983228
9985 4413 2.85791196477501
5046 9985 0.203128427989192
4558 5046 7.9591372805724
1845 4558 2.80337017786383
8619 1845 0.40417497274742
3482 8619 1.01726604802938
9087 3482 5.77085521985406
7538 9087 6.95149664562525
8788 7538 7.72693342638686
9400 8788 0.0673271311862678
3868 9400 0.688029092450897
8250 3868 1.66191363928181
