1000 333
631 444 1.98132687053782
878 665 3.61554595627226
490 843 7.57603277443568
943 235 3.00902660460885
890 871 6.28011301698731
123 582 2.18568669747611
952 351 7.39940800305607
973 554 1.73570964933013
566 534 4.35987756449418
860 825 4.50220955914418
801 93 9.25703590041511
518 369 3.95878016922389
550 593 5.33916817902504
82 500 8.78145668364482
940 73 1.83341377300724
648 792 7.02177125005839
737 225 4.60899333377778
530 97 0.394907657843504
861 871 8.57191020244361
976 477 0.106393127368065
401 128 2.03529112723512
635 310 0.274799847772726
799 222 2.93423731687955
479 293 6.19425819605873
71 918 1.99128289855292
857 477 6.62926936533054
672 935 1.13179637563068
513 476 4.54756950596909
888 421 7.24424538890982
253 696 7.85049226219201
232 583 7.89837136409052
632 9 6.68359526459817
695 155 9.52190200652705
166 29 8.67781048996548
441 997 2.84710263248858
3 942 1.20884226127465
884 512 2.72255739808653
126 732 3.455819414161
257 405 4.31033209689094
346 609 0.823520387298444
942 421 9.94660813523279
994 849 1.98026384776043
158 570 6.14447627914618
895 245 2.3774241790256
408 802 9.89523401673832
828 627 6.44647830308941
542 597 1.23300661921792
260 372 7.59576118049715
271 660 8.62873738974439
743 254 5.61890507328869
171 504 4.87210117352081
423 125 5.50749653402853
873 491 8.4697301322586
782 156 1.95757147196758
632 661 7.00253114149024
847 832 5.67797418618021
774 117 1.08649763879765
833 289 3.21869570659501
985 936 5.57856276466683
602 819 5.01918306772161
443 568 7.95447443670835
183 161 5.36096006284367
747 637 4.05454314306485
971 292 6.64107719457938
669 986 9.76767505728173
183 992 3.52433095845058
903 137 4.93060053751979
666 207 1.30059746732719
334 420 0.599714618294875
792 99 1.71125861119236
835 526 3.03247889907329
46 989 5.35499564452856
274 106 1.18205436807198
560 1 5.61604518129641
991 589 7.30264581225473
588 736 1.55499315518519
958 159 4.40539632055074
899 454 2.06126991901897
506 414 7.53991588335669
110 914 3.81223472267259
124 506 0.732556201172194
635 865 9.67329369821911
151 561 3.02612097247764
224 171 5.50418482186082
463 144 9.65524334968162
747 881 9.94367397154264
442 906 7.19778768421822
252 867 4.66657940762239
424 27 8.49429811313524
505 972 3.58019526730246
912 530 6.42905432146851
300 463 3.26605176162055
721 904 1.93815973555186
773 225 1.16930048730239
743 426 0.153627194711596
369 487 1.80961533015015
646 535 4.78648893473075
901 277 8.48888508369882
792 876 3.62664289069503
14 249 2.9680736938699
950 702 8.8075273767765
176 32 8.38333031652979
577 509 6.86382196418453
30 530 7.27065394551822
999 305 9.66526923982865
421 949 2.716693846764
805 535 3.04097364981548
422 667 1.84049037914697
35 427 6.10592612538849
597 902 8.54928652763192
314 347 4.83119372279578
470 754 6.62603613903563
635 168 5.43631385346725
783 802 3.05033404459934
932 639 6.8331916923896
4 346 6.65181696326535
220 354 0.40213190788954
939 669 1.51399961910112
600 902 2.03242929463485
231 894 7.40394980175811
762 594 3.85873656300511
718 566 9.72688550876565
518 882 8.98663114248308
523 740 1.65155177710194
357 740 6.14838673656344
700 287 0.099308521521202
829 497 6.73062595630384
946 204 2.62205821313277
892 74 3.18666874318701
476 543 4.08383130625079
35 405 1.98557970192496
358 221 3.76981174650144
321 105 2.08210264283132
432 127 2.27454980105858
812 87 5.6025682280783
943 966 7.53894152246833
492 627 4.33722051972872
180 245 4.61062468293047
744 693 4.88538743757175
569 119 8.08268220133147
821 189 8.46857591772924
936 102 2.91871174436817
566 175 9.14741030508949
220 350 8.32115487057255
996 993 1.44747075940025
94 790 6.23587816827946
128 880 3.93510363758594
516 307 8.61271200123998
605 515 2.21728916462602
225 696 5.42381316898979
983 251 2.13772085458672
977 120 9.40752311101424
118 624 2.67562891501463
964 860 4.88324479975969
913 196 3.79220275174504
903 12 2.49347946876373
388 259 6.77343650817328
148 621 4.19078802064956
719 757 6.80983682672448
630 918 5.42942812120035
32 759 4.60134643585498
891 938 7.03905049996788
360 559 3.34088791688941
183 450 0.678660866482126
57 525 8.79641512710798
407 193 4.63854021287101
268 312 8.01810924838193
395 940 5.08968566728615
835 450 6.57019054687602
586 676 3.75433082695221
423 927 6.06141415094925
732 317 0.598549511988331
435 619 3.86008535700135
820 19 8.66287525186447
71 333 9.08442527735829
975 888 3.31806602213707
844 325 3.23759045527375
232 423 1.72989270316659
706 276 1.53826080539432
730 777 4.09868129239658
418 10 4.43499223404778
415 816 9.07771831466345
983 426 9.89665641928795
190 277 8.85159066056108
866 50 3.81170666801701
383 5 8.32247485353147
344 561 2.98599849095041
562 170 4.66905046510437
123 224 5.3756319759875
767 336 1.85423157347696
508 928 5.06944843461909
110 344 7.40531548103039
925 652 2.67631472893477
174 291 6.18703380806974
170 693 2.40021131642607
417 794 5.83372775652823
879 993 5.03623752125684
168 281 9.94414668422632
932 639 9.67803408799952
435 170 5.80438912811108
220 28 8.19393530895276
735 789 6.83463544958666
904 532 0.106850905493445
546 873 7.61952089553194
441 463 3.97644787245973
503 926 7.13183148223532
679 204 3.21051551741348
561 30 9.84075311481948
109 68 4.54608320807331
25 633 0.637385211862487
522 13 9.08691428126701
416 140 0.258645843265874
648 269 7.99361661525431
297 797 4.70531305304245
187 760 8.95632862541319
887 477 8.19792856912418
889 922 5.4616484526921
306 761 3.75128315882645
526 896 6.49435333352386
785 429 3.70420510613616
8 723 7.93140560874825
134 218 7.76968247130394
952 264 6.05836751978885
534 300 6.55491255381211
870 998 8.61606329684555
275 854 0.0548433001810267
455 225 5.26363920840936
379 150 8.14859764362257
223 283 5.36470046849665
662 905 1.74700962575638
552 541 4.90351265602087
735 159 9.9352850339378
874 320 5.35304956098265
311 746 8.51576962394514
708 360 7.61942058547191
588 677 4.5338130076637
588 858 0.848775088196234
601 933 3.01509967320765
10 316 3.41107195885812
658 517 7.51020569107428
734 829 2.18738136685495
508 471 3.399934451385
577 478 9.65423043187059
219 368 5.02889047532836
452 364 9.94602307116956
580 419 0.733125789524927
194 567 2.10090982536585
488 361 2.39405790858459
669 243 8.29123895211843
55 939 6.42635784480145
292 690 1.9312114485993
984 253 1.62365206149179
515 266 1.70646456773305
315 144 9.68537601058852
700 188 9.58280453678711
47 178 9.48907537713243
556 955 6.84836987324111
185 383 6.34883992364248
905 358 5.2973460485714
982 325 6.34914642323555
684 640 4.67862763954251
448 11 6.44505508118026
173 458 7.3058402315614
177 727 7.14036489465091
94 418 7.77941453030998
227 223 2.50935106940968
918 889 3.75869233140833
2 853 9.18406879268975
479 543 6.86529389701001
507 816 3.31828535477523
984 932 3.04140521684431
539 326 3.25531705998802
696 271 4.89839357233116
398 826 4.66023812482742
786 158 7.37264314477613
985 227 9.44275020003648
615 229 8.31398878088571
704 176 6.37415391220554
843 257 6.64563402087182
382 600 3.62147468444764
619 370 2.05449536661696
716 863 1.79175781774344
693 868 7.6532409471136
511 542 3.36413737339303
369 922 8.24498748409859
841 704 5.39985619216491
105 31 9.15689621351319
167 29 9.42450687044474
337 637 0.244942340853598
982 443 7.82840176522964
393 424 5.96409681159571
607 370 4.73251282729382
618 552 2.7699981349496
302 603 4.84068955152292
367 128 7.23120064735596
762 42 2.42301483149365
557 463 1.05385563144331
923 138 1.87193053835184
383 520 1.78947753617621
631 70 6.6595327764897
130 977 4.34257448775121
106 759 5.69285329841744
317 936 9.30314939666701
245 976 9.8794736527481
457 109 1.07867809671468
603 186 5.17098739307723
246 352 2.62764044955304
390 423 1.14348863678334
667 845 0.106700992006878
130 208 8.91271486609423
818 743 7.6823412965733
69 828 7.17669231631167
767 312 7.24985637859483
831 746 6.18661539778824
666 389 0.541511127900378
999 448 8.69552599961953
818 286 3.27288373622444
41 420 1.18940492046232
786 943 2.05489060980611
620 476 4.06675244053762
238 936 4.13112332133728
679 991 8.9999548128716
389 840 2.13031486221098
360 908 3.18388309214914
150 223 9.55147138745694
70 345 3.89830731933397
594 956 4.5569919733525
862 840 0.704464307536661
749 201 1.40686268089929
328 47 8.87285070285142
228 366 8.85178834109269
427 240 7.09603885948543
322 37 9.51082087266478
